0.09772411920058624
-6.9559243270502579e-07
0.017308625159564783
-0.11559922232798467
-0.013851751726843798
0
0.021760353824155421
0.13054249397441617
0.10009893098984729
0
0.0011152672306214088
0.11321466123170398
0.091836377202086178
-2.5055813301690735e-07
0.00393932278628519
0.01690710825996674
0.094611298804102906
-9.3514363403523567e-07
-0.00010296405231102842
0.043764218129836621
0.10021305148287812
-3.3682357279318358e-07
0.0028885691991666061
0.11228465557150459
0.074501274407700199
-1.3144208456475083e-07
0.021931276437180344
-0.018605924877855912
0.10120098649505993
0
-0.0011052602303209676
0.025915391278333279
0.10057484229657908
-8.8814937784722396e-09
0.0020232501013026888
0.014500515215214676
0.10073894449102241
0
-0.0007478445050208511
0.038012691436555952
0.0023469260866747221
0
0.0028089587329144339
-0.0073861710348932692
-0.00011923233726267674
0
0.00256600083828764
0.0086822378086722669
-0.0012793513014436502
-9.5251553650031146e-07
0.0011413363917745192
7.2255376489433696e-05
0.0027778364195362895
-2.6574513348822089e-08
0.005548334370332501
0.00052618074356874413
-0.00030578582746989598
-9.9376749281467043e-08
0.0006740305749567704
-0.0064351676317220934
0.0020531777679269852
0
0.0056158581209889424
-0.007782364279386611
0.020933585570743356
0
0.0040364920786598452
0.0016638586224967697
0.00037575575859657593
0
-0.0016187530186612003
0.00062510951945358463
0.0028605522963893932
0
0.0002801033009129317
0.0065865736406510193
0.10008078765224133
0
0.00028247883528340859
0.0069745922452089642
1.5089799030142496e-05
1.6216478746052884e-07
0.0076246580536218928
0
-1.2665129556503787e-06
-2.3201256490814853e-07
0.0036364742091835813
-0.00037237887042504436
0.00048324406784717869
0
0.00020218881257713685
0.0020772119884111409
9.6448608607431686e-05
0
0
0.0012452718279224036
0.017475931780819347
0
-2.3227714023747035e-06
0.0039477728455271314
3.0222141517269805e-08
-5.6934278022899537e-08
0.00060002019174617888
0.0043492331474713737
1.4888163400205884e-06
0
0.00037859698941154481
0.004671582249804648
0.0019580255765116786
0
0
0.0024751909387285228
0.0027407422529856936
0
0.0016909202479250957
0.00010053369760485739
5.0959504729674676e-09
0
0.0073064595386870494
0.0011130281670523462
0.13862624675037724
-0.00048673105553945982
-0.047461540383850857
-0.21889687346801381
-0.044096218189175689
0.00014763633495483517
-0.098237819320029757
-0.11417362228097852
0.24134062246700499
1.4342254355454728e-05
0.053701291248777996
-0.013342777518364395
0.48720044713486543
0.0005621867397582617
-0.14282359499449096
-0.085984489943353712
0.263195551940896
0
-0.2615081379253516
-0.080818826786122983
0.47339097910404937
6.4313644661280269e-05
0.11294903985370859
0.19475492043712908
0.53884889247412826
-0.00037038149352571837
-0.22581067514791303
-0.14762354672164707
0.66074277773255585
-0.000294335634807526
0.026547318159647802
-0.04397311826997239
0.58537285880028855
-6.964963570794284e-05
-0.21594348368315941
-0.32428040542449077
0.67637097396425439
-4.8885235226840471e-05
-0.32213469871096129
-0.18142950080185138
1.0531282128747841
0.00021057403885785906
0.27272440143614674
0.098612777702980575
0.55227348541950894
-0.00082343902132048002
0.53038828660345672
0.20956473421733629
1.1075427878427933
0.0021812622517729846
0.075853023019019819
0.10044025875154254
1.4258921288007025
0.00080278891216705145
-0.20289850594135878
-0.092792274590416321
0.34163751797014569
0.0013313283498189419
0.045260298647309252
0.010780144917952835
0.38378473023443538
7.779007080455204e-05
-0.074759189383569735
-0.19780324437023553
1.8142592730061058
-0.00062869941228944166
-0.012942670376979711
0.10746351893944736
0.42985468268606186
-0.00020750646022900678
0.11271491492290411
0.27674463685229878
0.49882204679432068
8.7277615644327914e-05
-0.14964017880874134
-0.18687599232842236
0.74462725350968995
-3.5607958849634613e-05
0.15261337877956449
0.050459467067438341
1.0695594214090607
-0.0015636677178417111
-0.57436993612767184
0.027646832741656552
1.534559784347582
0.00016052754381075689
-0.097428085813185433
-0.16260552110950871
0.86594402144218963
-0.00041398601289305672
-0.11330922827398493
-0.15399752078454457
1.0549270636720063
-9.9521743195096662e-05
0.093428977022851245
0.017099708285052879
0.75446650271085602
0.00015645732131301139
0.23501615609285845
0.093761824722707554
1.0875246032823318
0
0.20747317775154159
0.3203450732722215
1.0152020434208568
0
0.28494096096930976
0.32678424582893251
0.74924943243697761
-1.682933046454717e-05
-0.25321594053358287
-0.2253832123498874
0.90314148609484479
-0.00013222795699076366
0.33217321025368718
0.31194887917556452
-0.0059771606336117538
-0.00029330914194018531
-0.4152037269002114
-0.30641097225060576
-0.056502808241753265
5.5995665879411941e-05
-0.026060293169222981
-0.13767235513895995
-0.039968993160377282
-1.6042941563202301e-05
-0.37540847716483106
-0.2814787810504053
0.27788557412451753
0.00011504994794799995
0.056310793591204902
0.12664311482037452
0.13625142828287717
-3.9135081030777673e-05
-0.043757957045867275
0.056074228451194058
0.057915565394646512
9.7280459480071372e-06
0.26939991277703818
0.082170074512694216
0.070267568509727624
3.7653932355247315e-05
0.22811349733575417
0.005248382883601241
0.048244477974282336
-0.0001959520759816799
-0.17273508083976588
-0.14737483606498242
-0.06645501534218537
-7.3982503168542257e-06
-0.15915233853251934
-0.27199935054700297
-0.21561172616999622
2.7885905117745685e-05
0.0017389849137011398
0.16959365231569604
0.11538563904586535
3.2170038233579407e-05
0.29756003259927449
0.22023863558095833
-0.17379441526289352
0.00060787095577100243
0.42243251153789085
0.3396543834376215
0.074625242156394822
6.2304794626497935e-05
-0.23678598996489228
-0.50294278024976979
0.61734110486930993
0.00014666891904617027
0.051150956654383975
0.018225633322131625
0.12353001789746938
0.00018889876207854242
-0.20704793317211892
-0.13348198640609146
-0.30569011853159067
2.4381479635033383e-06
-0.1376501732035971
-0.11964269078493546
0.67547621128471902
-0.00013010456522459648
0.40522572547018243
0.46013945731163136
0.34324547226531521
-2.3054831907597334e-05
-0.088154662972147191
-0.079389399931362764
0.0080825710428865521
0.00043541663132476698
0.085819802205570214
0.11565222401678006
-0.14819875195770718
-0.00010309956552532559
0.2110263680378322
0.26909759671927536
-0.10474268609641779
2.9060336814184168e-06
-0.25593199802694322
-0.23749805442116051
0.32437280177694061
-0.00018195689833285967
0.041135106119228333
-0.15372327248339884
0.1099505954242584
-0.00030305178858031041
-0.24710076829805003
-0.069838996494605649
0.16328979816960243
-5.8920451836245975e-05
-0.021033369135181036
-0.26459332261832796
-0.018484618404633359
7.3014506234866488e-05
0.04825466147599218
0.030555325005781925
-0.0056254036144547433
-0.00046241022586069496
-0.19410215000476627
0.22991349103989411
-0.042889274513649309
-6.2945543979392438e-06
0.26203898960515393
0.066284496450252653
-0.087290979945831543
-5.9774164071096641e-05
0.10064232810493233
0.19552656046056641
0.00016619312714780807
1.1484403998383119e-07
-0.023395536455744326
0.011442443066974086
1.4935550336524476e-07
0
0.0058888700014029308
0.11304051622915248
2.3277054092646546e-08
0
-0.0023717293726967371
-0.012604069373564142
2.7682488433778395e-11
3.7793169274553571e-08
7.982282064262682e-05
0.004088087479409452
-3.1606902311998766e-20
3.9719802621941521e-10
0.00010296405231102842
-0.046750191718251011
5.3150448290495455e-08
-6.6026605525266295e-11
-4.7966626788821184e-07
-0.047828980272740441
2.7762665601468201e-11
2.0592637070386838e-11
-3.9132858001142609e-07
0.018843138615357278
1.4977065490931597e-12
0
-0.028142924219008675
4.8366021874139518e-06
6.4218876852533735e-12
3.6737161415071045e-10
-0.0023800302309532279
0.0043688370553166119
3.182814013426835e-12
0
0.014620063210900064
-0.031707662467510556
4.8939507257227684e-05
0
-0.0052174564664367335
-0.0051389979729850798
2.5528449958571689e-15
0
-3.9486519095864584e-06
0.00078496568898332665
7.8476660032656319e-06
0
-9.1741099084525989e-08
1.4530757477872492e-08
-9.156911959283168e-24
4.1527673280030096e-08
-4.9627360492420955e-09
-0.0047172586741471506
1.2941927585767723e-07
-3.39988759975638e-09
-0.0016788773926871192
-0.0017617262742674702
0.00014891966100604871
0
-0.0080337393731949782
0.012022361580872862
1.1696492026722696e-09
0
-0.0024424969041392675
1.9677547717781371e-08
1.2193500964828314e-12
0
-5.4635825079499117e-06
0.00034471652965881617
1.6132023324683026e-05
0
-2.3014557843321893e-05
2.9822811287037726e-05
3.5275378555858981e-06
0
-0.00046776629454022993
0.0024879120265115435
1.4752586196117924e-13
-2.4665710805669262e-08
-0.00014679965185866644
0
7.8662450864179287e-09
0
-5.9437862322591148e-05
0.00022293625179419245
1.2863468913434325e-14
0
-0.00011020005743770637
-0.0018275097627179402
-1.6217314858775107e-05
0
0
1.7994623857421327e-05
1.6617046839809798e-10
0
-1.7742785185748151e-08
0.0019699702058033801
1.6410954998678075e-10
0
-0.00057701547875648504
0.00045027957242159921
2.2262963858621566e-08
0
-0.00011569014342627171
-0.0044308234394966539
2.1597303293606461e-12
0
0
-0.00034069195671286985
6.5274335303359005e-09
0
-0.00010382539299382908
1.3635619256177119e-06
-9.1120782081332409e-18
0
-0.0020865111342315214
1.2370250439672511e-06
-0.035743471955596753
-0.00020256480881673708
9.073738529032366e-08
-0.0042792943496400603
-0.070518870793942631
8.1006020025630129e-08
0.19202406032411931
0.17083700653793832
-0.006800150091014502
0.00010758254323850735
-0.061929791908880337
-0.20442584646242323
9.4337782625814207e-06
-0.000283810147399997
-0.0062296660372388041
0.050088816926184221
0.013125965637952652
0
-0.030969149915644759
-3.1967176818729e-06
0.017869321627784273
-6.7776986251530344e-07
0.047606981178456548
0.0064333875486578323
-0.0017569577537990069
-6.0655237905646668e-06
-0.012324519915747078
-0.0010708880486370105
-3.6506169133476739e-16
-0.00040641473626551732
-0.12344240711350954
-0.0055505225912080456
-8.0173708467933889e-10
-2.6377245054897756e-06
-0.090769888186620587
-0.044494265129351326
0.028567492351410921
-0.00023993419304220234
0.59104820886531972
0.17949039411979975
-1.1409042956652665e-07
-4.6574053423261879e-05
-0.079710651674629651
-0.18398280913657897
-0.0035719800582837162
-2.4968058626895529e-05
-0.19324576525631665
-0.015587924655687429
0.0073714724764476717
-7.0473919165762411e-05
-0.080682837940955682
-0.010765710376617003
-1.1743061933725783e-12
-1.8243068939353081e-05
0.013000023502749076
-0.14459086098839308
-0.023236172782859461
4.5017222473888662e-05
-0.17790006530415006
-0.06998672074040968
-7.3566063435248934e-06
2.314206216980575e-07
0.088438454736668934
0.095491806016232042
-0.053906380167325151
-5.0148003772046974e-05
-0.09501437252711413
-0.0052476147242448996
0.01495631716208607
-6.6789055146825502e-10
0.013614766067998286
0.17416387521418536
-0.019451031699280318
-9.0989328771887162e-05
-0.035207957449820818
-0.1096534634067452
0.004066425867681034
-3.0206017231831865e-06
-0.041809846695067432
-0.082669178461310569
-0.018531399837920189
-1.188229334473754e-05
-0.120834889053369
0.14098556883058877
-1.0357957492770676e-07
5.1707015106267743e-05
0.026667728985182049
0.10308711145287555
-0.1015987621015234
-0.00098254047484238249
-0.081964699809951178
-0.038762046822857367
-4.3817492351676418e-19
-3.0258441326781296e-05
0.060216956898223609
0.10807248018072912
-0.0061443115617750392
-3.7728309089670321e-06
-0.013385063621160456
-0.091917287179931667
0.036581086641879666
0
0.28228783829220511
0.0045429752945665806
0.068710469634581328
0.00034439267675288269
0.37763818944528765
0.34244830434928669
-0.015467303978536275
-1.854747505938647e-07
-0.29763464710066256
-0.10694064575125839
-4.6138259975292062e-11
-0.00015185968659355771
-0.054706804218889099
0.059763447784264311
-0.0063272096995459761
-0.00013260892184487153
-0.25318337705236676
-0.14460558576340177
0.0026503423127443855
-5.5939328484487961e-09
-0.075540551937003819
-0.091940996238100481
0.022065402131343965
1.5758396862879826e-05
0.064742334336075555
0.030648331701664935
0.066954702822248538
1.7970341197650275e-05
0.087878271762120305
-0.057928842793623113
-9.813063015211157e-20
7.1058585004820366e-05
0.10002421519025022
0.016231084270846671
0.0058852077524998714
0.00012631591988670245
0.14435402715626733
0.027769537653468072
-2.2311366590136197e-10
-2.0392654790187241e-05
-0.23852450963949165
-0.049984379394153261
0.032243971051247169
-8.3152365257634406e-05
-0.075926027855941366
-0.014702413224290034
-0.054033476598323138
-9.754934773157434e-06
0.29943933724138033
0.4402362782335203
0.00083653967666442617
3.0494593024461394e-08
-0.10968899855975502
-0.24084447129497624
-2.451683242380829e-08
0
-0.003616916865552983
-0.0046332327805589093
0.020110606166475149
6.3282172008083905e-05
-0.020129328196949969
-0.13382328525779977
-2.2666745635953967e-05
0.00019130002514301258
-0.071469985594616731
0.00016785269362898624
4.0528649666981207e-08
0.00023274235351683077
-0.1460579160091999
-0.085471254974759159
0.0099989819376443689
4.3612374675519008e-06
-0.15174201940331095
-0.20357802936453856
-0.0016393771524778448
0.00064644670075589999
0.12332010521890897
0.055694975146379125
0.092754897484137899
0.00029359263252225069
-0.099560222560734019
-0.00013200352762244514
-0.00042972155721463076
0.00013538806612766271
0.24848832757995165
0.15827489769319211
9.381552698541665e-08
-2.119262531413268e-08
-0.025662389395516422
-0.048878199132077242
-0.0028704485937938351
7.0156262886413766e-06
-0.0084179769084707923
0.064775014830661198
-0.021379791303933707
-3.7368564933115864e-05
-0.023024077419069817
-0.090730132903233937
0.020610794188288387
-2.6380632620144144e-05
0.16478227264792511
0.067630130057359836
0.0029478138382674351
-1.3085472311411337e-06
-0.079274925359624562
-0.062050270670224929
0.02148256717727378
-0.00024149231612151086
-0.20013897223139554
-0.12117424917325099
2.6444100728205403e-13
0.00010400387520142273
0.037533823312934554
-0.012382303856628541
-0.0072541213138390282
7.171762993149014e-05
-0.053253439441505422
-0.22243308710088236
-0.0071271856252932515
6.9976340786851554e-08
0.0090875726208950857
0.016671635006060746
0.0096280556194386462
-8.8539886201098382e-06
0.25117727268122675
0.53537378137789193
