Date,Open,High,Low,Close,Adjusted_close,Volume
2020-09-14,270.95,276.64,265.7,266.15,266.15,24093830
2020-09-15,270.67,274.52,269.3,272.42,272.42,18478529
2020-09-16,267.29,272.44,261.79,263.52,263.52,29207590
2020-09-17,258.28,261.5,250.19,254.82,254.82,31281439
2020-09-18,258.405,259.2,250.05,252.53,252.53,28130770
2020-09-21,247.54,249.95,244.13,248.15,248.15,24709381
2020-09-22,253.31,255.32,248.22,254.75,254.75,30293100
2020-09-23,255.26,257.9921,248.15,249.02,249.02,19641270
2020-09-24,246.5,252.24,245.62,249.53,249.53,20006750
2020-09-25,249.4,255.75,246.61,254.82,254.82,18351311
2020-09-28,259.4,259.6,254.8208,256.82,256.82,18826250
2020-09-29,257.81,263.33,256.9,261.79,261.79,20215500
2020-09-30,261.98,266.085,260.1,261.9,261.9,20142551
2020-10-01,265.35,268.33,264.8,266.63,266.63,20009801
2020-10-02,261.21,265.15,259.18,259.94,259.94,16367600
2020-10-05,262.2,264.865,260.8401,264.65,264.65,12822250
2020-10-06,261.78,265.69,258.24,258.66,258.66,18696920
2020-10-07,259.21,260.18,254.82,258.12,258.12,23133420
2020-10-08,259.75,264.62,259.1488,263.76,263.76,16312760
2020-10-09,264.52,264.75,262.17,264.45,264.45,14107800
2020-10-12,270.2,280.18,267.87,275.75,275.75,31019260
2020-10-13,277.58,279.1,273.39,276.14,276.14,18063340
2020-10-14,277.62,278.75,271.5,271.82,271.82,15601150
2020-10-15,267.6,269.04,263.67,266.72,266.72,15416060
2020-10-16,267.375,271.37,265.3,265.93,265.93,16622699
2020-10-19,265.53,268.55,259.88,261.4,261.4,13586960
2020-10-20,263.06,269.7,262.88,267.56,267.56,18763250
2020-10-21,279.56,283.05,276.37,278.73,278.73,28998641
2020-10-22,279.87,282.45,275.04,278.12,278.12,16720029
2020-10-23,278.802,285.24,276.82,284.79,284.79,17535160
2020-10-26,283.16,285.23,274.26,277.11,277.11,21322930
2020-10-27,278.76,284.51,276.31,283.29,283.29,16287250
2020-10-28,278.79,278.79,267.26,267.67,267.67,23121811
2020-10-29,276.55,283.6,273.78,280.83,280.83,32368119
2020-10-30,274.5,276.7,259.1,263.11,263.11,47299000
2020-11-02,264.6,270.47,257.34,261.36,261.36,27165680
2020-11-03,263.16,270.05,260.88,265.3,265.3,17961859
2020-11-04,281,288.94,278.62,287.38,287.38,35364422
2020-11-05,291.897,297.38,288.95,294.68,294.68,23823631
2020-11-06,293.95,294.6,288.06,293.41,293.41,13890970
2020-11-09,289.87,292.58,278.53,278.77,278.77,25117650
2020-11-10,273.1,274,264,272.43,272.43,29067689
2020-11-11,273.47,278.4,272.48,276.48,276.48,14956950
2020-11-12,277.18,279.75,274.43,275.08,275.08,12914210
2020-11-13,277.72,277.76,273.1,276.95,276.95,10400100
2020-11-16,275.05,279.41,274.63,278.96,278.96,12970350
2020-11-17,277.68,277.68,273.29,275,275,15040300
2020-11-18,274.52,277.3889,271.84,271.97,271.97,12152950
2020-11-19,271.025,273.47,269.19,272.94,272.94,12963660
2020-11-20,272.56,273,269.41,269.7,269.7,18122410
2020-11-23,270.89,270.9471,264.53,268.43,268.43,20990789
2020-11-24,268.49,277.8199,267.87,276.92,276.92,16930420
2020-11-25,278.14,280.18,272.65,275.59,275.59,12467010
2020-11-27,277.39,279.13,274.82,277.81,277.81,7808426
2020-11-30,276.03,277.7,271.01,276.97,276.97,16693340
2020-12-01,279.16,289.3,278.96,286.55,286.55,20777910
2020-12-02,285.36,291.78,280.825,287.52,287.52,17361619
2020-12-03,286.25,286.65,281.07,281.85,281.85,12921690
2020-12-04,280.3,283.46,279.3,279.7,279.7,10880300
2020-12-07,279.19,288.49,278.2,285.58,285.58,13007670
2020-12-08,286.01,286.4272,281.55,283.4,283.4,10747650
2020-12-09,283.66,287.63,271.75,277.92,277.92,25189711
2020-12-10,275.535,278.73,271.86,277.12,277.12,20065090
2020-12-11,274.53,276.48,270.25,273.55,273.55,14391400
2020-12-14,273.372,277.22,271.56,274.19,274.19,16376880
2020-12-15,274.83,276.08,267.47,275.55,275.55,23979461
2020-12-16,274.76,277.86,272.51,275.67,275.67,15885000
2020-12-17,277.07,280.44,273.61,274.48,274.48,16377840
2020-12-18,275.775,278,271.14,276.4,276.4,26693250
2020-12-21,272.978,274.67,267.79,272.79,272.79,16553740
2020-12-22,271.5,271.5,264.63,267.09,267.09,17335000
2020-12-23,266.89,272.1699,266.23,268.11,268.11,14329040
2020-12-24,268.875,270.4,266.2,267.4,267.4,6702033
2020-12-28,268.74,277.3,265.66,277,277,23299711
2020-12-29,276.95,280.51,276.28,276.78,276.78,16383000
2020-12-30,277.95,278.08,271.71,271.87,271.87,11803800
2020-12-31,272,277.09,269.81,273.16,273.16,12900410
2021-01-04,274.78,275,265.2,268.94,268.94,15106110
2021-01-05,268.29,272.4,268.2111,270.97,270.97,9871557
2021-01-06,262,267.75,260.01,263.31,263.31,24354150
2021-01-07,265.9,271.61,264.78,268.74,268.74,15789760
2021-01-08,268.31,268.95,263.18,267.57,267.57,18528250
2021-01-11,260.48,263.47,255.9,256.84,256.84,30412289
2021-01-12,256.63,259.72,250.3,251.09,251.09,26449939
2021-01-13,251.55,253.95,249.2,251.64,251.64,19528939
2021-01-14,253.4,255.03,244.61,245.64,245.64,29739400
2021-01-15,247.9,253.86,247.16,251.36,251.36,24942930
2021-01-19,256.9,262.2,252.7201,261.1,261.1,28028551
2021-01-20,268.93,270.32,263.6,267.48,267.48,25199920
2021-01-21,269.26,273.6,267.4901,272.87,272.87,20838689
2021-01-22,272.01,278.47,272,274.5,274.5,21954039
2021-01-25,278.14,280.1,271.51,278.01,278.01,19086990
2021-01-26,278.14,285.39,277.81,282.05,282.05,19373641
2021-01-27,282.53,283.45,268.1201,272.14,272.14,35346191
2021-01-28,277.18,286.79,264.7,265,265,37758840
2021-01-29,265.3,266.56,254.85,258.33,258.33,30389500
2021-02-01,259.52,264.17,254.91,262.01,262.01,22914260
2021-02-02,264,268.85,263.27,267.08,267.08,17320789
2021-02-03,265.62,269.2,263.84,266.65,266.65,14223380
2021-02-04,267.01,268.16,264,266.49,266.49,16059960
2021-02-05,266.8,269.17,265.67,268.1,268.1,12454370
2021-02-08,268.75,269.86,265,266.58,266.58,13755190
2021-02-09,266.44,273.39,265.75,269.45,269.45,14613380
2021-02-10,272.4465,273.7999,267.72,271.87,271.87,14687150
2021-02-11,271.89,273.58,268.49,270.39,270.39,12828570
2021-02-12,270.52,271.18,268.34,270.5,270.5,9097597
2021-02-16,270.8,276.6,270.05,273.97,273.97,15417240
2021-02-17,271.24,273.97,269.58,273.57,273.57,12763240
2021-02-18,269.565,271.95,266.03,269.39,269.39,15249130
2021-02-19,269.86,270.27,260.15,261.56,261.56,25622590
2021-02-22,257.95,263.07,257.53,260.33,260.33,17434869
2021-02-23,259.5,267.46,254.96,265.855,265.855,21924561
2021-02-24,262.325,266.38,258.39,264.31,264.31,15736120
2021-02-25,262.3,266.94,254.04,254.69,254.69,19053141
2021-02-26,256.47,265.55,256.47,257.62,257.62,26619520
2021-03-01,260.82,266.65,257.9039,264.91,264.91,22157260
2021-03-02,265.78,266.71,258.65,259,259,15191720
2021-03-03,260.29,260.9899,255.1,255.41,255.41,15513520
2021-03-04,256.47,266.49,253.5,257.64,257.64,31626461
2021-03-05,260.67,265.45,255.61,264.28,264.28,26820061
2021-03-08,265.55,265.58,255.05,255.31,255.31,18391770
2021-03-09,261.175,268.53,259.81,265.74,265.74,22039740
2021-03-10,268.64,268.97,262.87,264.9,264.9,14210320
2021-03-11,268.11,277.9,267.82,273.88,273.88,21833980
2021-03-12,269.14,269.74,264.02,268.4,268.4,20600199
2021-03-15,269.08,275.96,268.5,273.75,273.75,16856750
2021-03-16,276.085,282.14,274.8,279.28,279.28,22437670
2021-03-17,275.705,286.23,275.41,284.01,284.01,21315039
2021-03-18,279.87,285.1899,278.28,278.62,278.62,18754850
2021-03-19,281.22,292.8,281.195,290.11,290.11,38930539
2021-03-22,290.45,299.705,286.7501,293.54,293.54,28273070
2021-03-23,293.15,298,289.81,290.63,290.63,23000930
2021-03-24,291,291.72,281.16,282.14,282.14,18675051
2021-03-25,280.98,288.06,277.75,278.74,278.74,24505650
2021-03-26,278.302,284.5,277.77,283.02,283.02,17629189
2021-03-29,285.77,293.18,284.7,290.82,290.82,21718830
2021-03-30,289.83,292.47,286.7,288,288,17474539
2021-03-31,289.99,296.5,288.61,294.53,294.53,19498160
2021-04-01,298.4,302.4,296.6,298.66,298.66,17615980
2021-04-05,300.89,310.765,300.68,308.91,308.91,28237010
2021-04-06,308.837,311.35,305.25,306.26,306.26,17335250
2021-04-07,306.34,314.25,305.5,313.09,313.09,22855240
2021-04-08,314.85,315.88,310.05,313.02,313.02,20894150
2021-04-09,311.4,314.74,310.33,312.46,312.46,15988570
2021-04-12,311.05,312.15,307.93,311.54,311.54,10881900
2021-04-13,312.21,314.43,309.32,309.76,309.76,14036900
2021-04-14,307.3,308.03,301.95,302.82,302.82,17421400
2021-04-15,306.34,310.14,304.1,307.82,307.82,14558300
2021-04-16,308.17,308.95,304.61,306.18,306.18,13054800
2021-04-19,305.01,307.7,300.56,302.24,302.24,14553500
2021-04-20,301.99,305.1,297.21,302.65,302.65,16796400
2021-04-21,301.95,301.98,297.39,301.47,301.47,14863500
2021-04-22,301.33,302.92,296.04,296.52,296.52,16375400
2021-04-23,298.76,302.59,297.15,301.13,301.13,17536800
2021-04-26,303.34,305.8,301.56,303.04,303.04,16172600
2021-04-27,304.28,305.34,301.11,303.57,303.57,15309300
2021-04-28,307.36,310.92,305.37,307.1,307.1,33907200
2021-04-29,330.12,331.81,321.61,329.51,329.51,56526800
2021-04-30,326.14,329.82,324.5,325.08,325.08,26322000
2021-05-03,326.17,328.55,321.84,322.58,322.58,18719500
2021-05-04,320.02,322.19,313.12,318.36,318.36,24032600
2021-05-05,318.19,321.06,314.49,315.02,315.02,15577600
2021-05-06,314.52,320.24,313.27,320.02,320.02,19012200
2021-05-07,322.38,322.94,318.75,319.08,319.08,15912800
2021-05-10,314.35,314.58,304.83,305.97,305.97,24239200
2021-05-11,300.75,306.84,299.69,306.53,306.53,18920100
2021-05-12,301.13,304.96,298.19,302.55,302.55,24645500
2021-05-13,306.08,308.86,302.77,305.26,305.26,18079200
2021-05-14,309.54,316.85,309.08,315.94,315.94,19230600
2021-05-17,313.55,315.68,311.58,315.46,315.46,15401300
2021-05-18,315.59,316.5,309.81,309.96,309.96,14522400
2021-05-19,304.19,314.66,303.57,313.59,313.59,19106200
2021-05-20,313.58,319.25,313.16,318.61,318.61,17320200
2021-05-21,319.29,319.93,315.81,316.23,316.23,13562700
2021-05-24,318.21,325.95,318.03,324.63,324.63,16445400
2021-05-25,327.08,329.18,324.8,327.79,327.79,16437000
2021-05-26,328.35,329.83,325.82,327.66,327.66,9686900
2021-05-27,328,333.78,326.76,332.75,332.75,20477700
2021-05-28,331,332.87,328.33,328.73,328.73,12037400
2021-06-01,330.15,331.42,326.64,329.13,329.13,11765900
2021-06-02,330.38,331.87,327.12,329.15,329.15,11654300
2021-06-03,325.78,327.38,323.48,326.04,326.04,12610800
2021-06-04,325.9,332.46,325.18,330.35,330.35,13282200
2021-06-07,329.48,337.69,328.93,336.58,336.58,20136700
2021-06-08,336.7,338.3,332.24,333.68,333.68,14580500
2021-06-09,335.74,336.8,330,330.25,330.25,13727900
2021-06-10,330.79,333.94,328.55,332.46,332.46,13240200
2021-06-11,332.58,332.83,328.93,331.26,331.26,13584000
2021-06-14,331.9,336.82,329.81,336.77,336.77,12250800
2021-06-15,336.99,339.92,335.03,336.75,336.75,15795200
2021-06-16,336.7,337.55,328.72,331.08,331.08,17232200
2021-06-17,330.49,337.98,330.15,336.51,336.51,17794100
2021-06-18,334.53,336.15,329,329.66,329.66,23025100
2021-06-21,331.09,332.92,327.65,332.29,332.29,11337500
2021-06-22,332.69,339.92,332.6,339.03,339.03,15345300
2021-06-23,339.35,343.42,338.2,340.59,340.59,14817800
2021-06-24,341.85,344.9,341.79,343.18,343.18,12329100
2021-06-25,342.59,344.12,339.68,341.37,341.37,14588100
2021-06-28,342.46,358.14,341.77,355.64,355.64,29156100
2021-06-29,356.27,356.74,349.05,351.89,351.89,21417300
2021-06-30,352.17,352.92,347.17,347.71,347.71,15107500
2021-07-01,346.82,354.67,346.5,354.39,354.39,17137000
2021-07-02,355.1,356.44,352.62,354.7,354.7,11521300
2021-07-06,356.5,358.79,349.18,352.78,352.78,13488500
2021-07-07,355.26,356.49,350,350.49,350.49,14218900
2021-07-08,345.73,348.33,342.56,345.65,345.65,14406500
2021-07-09,345.32,350.71,345.27,350.42,350.42,13010400
2021-07-12,351.23,354.19,349.64,353.16,353.16,10018600
2021-07-13,351.5,358.49,348.8,352.09,352.09,11456000
2021-07-14,354.56,355.2,346.73,347.63,347.63,13894200
2021-07-15,349.23,349.23,340.22,344.46,344.46,14781600
2021-07-16,344.91,345.99,340.14,341.16,341.16,11020300
2021-07-19,337.57,339.79,334.54,336.95,336.95,14372300
2021-07-20,338.8,343.45,334.5,341.66,341.66,11024300
2021-07-21,341.5,346.52,341.25,346.23,346.23,9279700
2021-07-22,346.68,351.54,345.21,351.19,351.19,12385400
2021-07-23,360.91,375.33,357.19,369.79,369.79,33680400
2021-07-26,369.58,374.44,368.22,372.46,372.46,14925200
2021-07-27,371.91,373.15,364.55,367.81,367.81,15705400
2021-07-28,374.56,377.55,366.93,373.28,373.28,29676900
2021-07-29,361,365.52,356.74,358.32,358.32,33413200
2021-07-30,354,360.73,352.94,356.3,356.3,15966700
2021-08-02,358.1,359.4,350.74,351.95,351.95,13180400
2021-08-03,352.73,353.77,347.7,351.24,351.24,12406100
2021-08-04,352.42,360.48,351.51,358.92,358.92,14180600
2021-08-05,359.64,363.9,356.9,362.97,362.97,10247200
2021-08-06,361.4,365.15,361.4,363.51,363.51,8918100
2021-08-09,363.76,365.78,360.75,361.61,361.61,7798900
2021-08-10,361.83,364.1,359.04,361.13,361.13,7469900
2021-08-11,362.1,362.36,357.81,359.96,359.96,8400300
2021-08-12,358.45,363,357.11,362.65,362.65,7170700
2021-08-13,362.97,364.66,361.48,363.18,363.18,7192500
2021-08-16,362.52,366.95,357.38,366.56,366.56,11222100
2021-08-17,362.98,364.67,355.07,358.45,358.45,12328700
2021-08-18,356.25,359.86,355.15,355.45,355.45,10042400
2021-08-19,351.35,357.57,351,355.12,355.12,12004500
2021-08-20,354.6,359.99,353.31,359.37,359.37,8693500
2021-08-23,359.44,365.69,359.1,363.35,363.35,10942000
2021-08-24,363.66,367.96,361.84,365.51,365.51,9235100
2021-08-25,365.6,370.86,365.4,368.39,368.39,9684500
2021-08-26,368.38,369.44,364.13,364.38,364.38,7888700
2021-08-27,365.1,373.74,364.08,372.63,372.63,11214200
2021-08-30,372.56,381.49,370.52,380.66,380.66,13547300
2021-08-31,379.95,382.76,378.8,379.38,379.38,12345400
2021-09-01,379.59,384.33,378.81,382.05,382.05,11567200
2021-09-02,381.5,381.75,374.06,375.28,375.28,14832900
2021-09-03,374.75,377.16,373.11,376.26,376.26,7509600
2021-09-07,375.88,382.96,373.15,382.18,382.18,10793800
2021-09-08,380.16,380.87,374.79,377.57,377.57,11067200
2021-09-09,377.64,379.83,376.57,378,378,9098900
2021-09-10,381.36,383.79,378.26,378.69,378.69,11537600
13643