Date,Open,High,Low,Close,Adjusted_close,Volume
2020-09-08,1533.51,1563.865,1528.01,1532.39,1532.39,2610884
2020-09-09,1557.53,1569,1536.051,1556.96,1556.96,1774704
2020-09-10,1560.64,1584.081,1525.805,1532.02,1532.02,1618557
2020-09-11,1536,1575.2,1497.36,1520.72,1520.72,1597087
2020-09-14,1539.005,1564,1515.74,1519.28,1519.28,1696589
2020-09-15,1536,1559.57,1531.835,1541.44,1541.44,1331082
2020-09-16,1555.54,1562,1519.82,1520.9,1520.9,1312299
2020-09-17,1496,1508.298,1470,1495.53,1495.53,1879751
2020-09-18,1498.01,1503.003,1437.13,1459.99,1459.99,3103882
2020-09-21,1440.06,1448.36,1406.55,1431.16,1431.16,2888827
2020-09-22,1450.09,1469.52,1434.53,1465.46,1465.46,1583201
2020-09-23,1458.78,1460.96,1407.7,1415.21,1415.21,1657350
2020-09-24,1411.03,1443.709,1409.85,1428.29,1428.29,1450216
2020-09-25,1432.63,1450,1413.34,1444.96,1444.96,1323375
2020-09-28,1474.21,1476.8,1449.301,1464.52,1464.52,2007941
2020-09-29,1470.39,1476.663,1458.805,1469.33,1469.33,979102
2020-09-30,1466.8,1489.75,1459.88,1469.6,1469.6,1701608
2020-10-01,1484.27,1499.04,1479.21,1490.09,1490.09,1779497
2020-10-02,1462.03,1483.2,1450.92,1458.42,1458.42,1284071
2020-10-05,1466.21,1488.21,1464.27,1486.02,1486.02,1113257
2020-10-06,1475.58,1486.76,1448.59,1453.44,1453.44,1245423
2020-10-07,1464.29,1468.96,1436,1460.29,1460.29,1746156
2020-10-08,1465.09,1490,1465.09,1485.93,1485.93,1187831
2020-10-09,1494.7,1516.52,1489.45,1515.22,1515.22,1435542
2020-10-12,1543,1593.86,1532.57,1569.15,1569.15,2482560
2020-10-13,1583.73,1590,1563.2,1571.68,1571.68,1601043
2020-10-14,1578.59,1587.684,1550.53,1568.08,1568.08,1930990
2020-10-15,1547.15,1575.105,1545.03,1559.13,1559.13,1540817
2020-10-16,1565.85,1581.13,1563,1573.01,1573.01,1435137
2020-10-19,1580.46,1588.15,1528,1534.61,1534.61,1607075
2020-10-20,1527.05,1577.5,1525.67,1555.93,1555.93,2242572
2020-10-21,1573.33,1618.73,1571.63,1593.31,1593.31,2568345
2020-10-22,1593.05,1621.99,1585,1615.33,1615.33,1434042
2020-10-23,1626.07,1642.36,1620.51,1641,1641,1375844
2020-10-26,1625.01,1638.24,1576.5,1590.45,1590.45,1853254
2020-10-27,1595.67,1606.845,1582.78,1604.26,1604.26,1229002
2020-10-28,1559.74,1561.35,1514.62,1516.62,1516.62,1833959
2020-10-29,1522.36,1593.71,1522.24,1567.24,1567.24,2003064
2020-10-30,1672.11,1687,1604.46,1621.01,1621.01,4330862
2020-11-02,1628.16,1660.77,1616.03,1626.03,1626.03,2535446
2020-11-03,1631.78,1661.7,1616.62,1650.21,1650.21,1661653
2020-11-04,1710.28,1771.365,1706.03,1749.13,1749.13,3570927
2020-11-05,1781,1793.64,1750.51,1763.37,1763.37,2065812
2020-11-06,1753.95,1772.43,1740.35,1761.75,1761.75,1661225
2020-11-09,1790.9,1818.06,1760.02,1763,1763,2268270
2020-11-10,1731.09,1763,1717.3,1740.39,1740.39,2636142
2020-11-11,1750,1764.22,1747.365,1752.71,1752.71,1263966
2020-11-12,1747.63,1768.27,1745.6,1749.84,1749.84,1248754
2020-11-13,1757.63,1781.04,1744.55,1777.02,1777.02,1500574
2020-11-16,1771.7,1799.07,1767.69,1781.38,1781.38,1246785
2020-11-17,1776.94,1785,1767,1770.15,1770.15,1147114
2020-11-18,1765.23,1773.47,1746.14,1746.78,1746.78,1173466
2020-11-19,1738.38,1769.59,1737.005,1763.92,1763.92,1249910
2020-11-20,1765.21,1774,1741.86,1742.19,1742.19,2313655
2020-11-23,1749.6,1753.9,1717.72,1734.86,1734.86,2161975
2020-11-24,1730.5,1771.6,1727.69,1768.88,1768.88,1579703
2020-11-25,1772.89,1778.54,1756.54,1771.43,1771.43,1046122
2020-11-27,1773.09,1804,1772.44,1793.19,1793.19,884916
2020-11-30,1781.184,1788.065,1755,1760.74,1760.74,1823836
2020-12-01,1774.37,1824.83,1769.37,1798.1,1798.1,1739045
2020-12-02,1798.1,1835.65,1789.473,1827.95,1827.95,1222032
2020-12-03,1824.01,1847.2,1822.65,1826.77,1826.77,1227298
2020-12-04,1824.52,1833.16,1816.99,1827.99,1827.99,1378166
2020-12-07,1819,1832.37,1805.78,1819.48,1819.48,1320946
2020-12-08,1810.1,1821.9,1796.205,1818.55,1818.55,1096319
2020-12-09,1812.01,1834.27,1767.81,1784.13,1784.13,1507558
2020-12-10,1769.8,1781.31,1740.32,1775.33,1775.33,1362848
2020-12-11,1763.06,1784.45,1760,1781.77,1781.77,1220651
2020-12-14,1775,1797.39,1757.215,1760.06,1760.06,1600173
2020-12-15,1764.42,1771.42,1749.95,1767.77,1767.77,1482261
2020-12-16,1772.88,1773,1756.08,1763,1763,1513543
2020-12-17,1768.51,1771.784,1738.66,1747.9,1747.9,1624744
2020-12-18,1754.18,1755.11,1720.22,1731.01,1731.01,4016353
2020-12-21,1713.51,1740.85,1699,1739.37,1739.37,1828378
2020-12-22,1734.43,1737.405,1712.575,1723.5,1723.5,938346
2020-12-23,1728.11,1747.99,1725.04,1732.38,1732.38,1033917
2020-12-24,1735,1746,1729.11,1738.85,1738.85,346753
2020-12-28,1751.635,1790.728,1746.335,1776.09,1776.09,1393033
2020-12-29,1787.79,1792.44,1756.09,1758.72,1758.72,1299395
2020-12-30,1762.01,1765.095,1725.6,1739.52,1739.52,1306130
2020-12-31,1735.42,1758.93,1735.42,1751.88,1751.88,1012240
2021-01-04,1757.54,1760.65,1707.85,1728.24,1728.24,1901855
2021-01-05,1725,1747.67,1718.015,1740.92,1740.92,1145347
2021-01-06,1702.63,1748,1699,1735.29,1735.29,2602114
2021-01-07,1740.06,1788.4,1737.05,1787.25,1787.25,2265022
2021-01-08,1787.98,1809.84,1773.535,1807.21,1807.21,2051002
2021-01-11,1786.07,1794.315,1760.52,1766.72,1766.72,1209735
2021-01-12,1753.92,1778.04,1725.31,1746.55,1746.55,1357691
2021-01-13,1738.58,1765.035,1738.01,1754.4,1754.4,1094131
2021-01-14,1753.62,1775.01,1733.4,1740.18,1740.18,1179477
2021-01-15,1738.19,1756,1721.55,1736.19,1736.19,1342170
2021-01-19,1752.25,1809.275,1741.46,1790.86,1790.86,1734614
2021-01-20,1831.46,1903.71,1825.53,1886.9,1886.9,2490258
2021-01-21,1898,1934.86,1887.11,1891.25,1891.25,2063932
2021-01-22,1895.68,1910.95,1881.76,1901.05,1901.05,1272232
2021-01-25,1920.67,1929.58,1867.53,1899.4,1899.4,1927320
2021-01-26,1888.84,1925,1884.245,1917.24,1917.24,1313139
2021-01-27,1882.53,1890,1809,1830.79,1830.79,2748292
2021-01-28,1843.94,1898.83,1842.64,1863.11,1863.11,1773138
2021-01-29,1846.17,1857.28,1810.2,1835.74,1835.74,1612552
2021-02-01,1853.57,1922.392,1850.93,1901.35,1901.35,1602182
2021-02-02,1922.56,1955.76,1914.49,1927.51,1927.51,2273723
2021-02-03,2073,2116.5,2018.38,2070.07,2070.07,4118170
2021-02-04,2068.89,2078.55,2042.59,2062.37,2062.37,1852329
2021-02-05,2070,2102.51,2059.33,2098,2098,1535135
2021-02-08,2105.91,2123.547,2072,2092.91,2092.91,1242411
2021-02-09,2078.54,2105.13,2078.54,2083.51,2083.51,889850
2021-02-10,2094.21,2108.37,2063.09,2095.38,2095.38,1135464
2021-02-11,2099.51,2102.03,2077.32,2095.89,2095.89,945650
2021-02-12,2090.25,2108.82,2083.13,2104.11,2104.11,855865
2021-02-16,2104.36,2152.68,2104.36,2121.9,2121.9,1133838
2021-02-17,2100,2133.66,2098.92,2128.31,2128.31,1070941
2021-02-18,2110.39,2132.735,2103.71,2117.2,2117.2,1121855
2021-02-19,2119.27,2130.53,2097.41,2101.14,2101.14,1457612
2021-02-22,2067,2091.42,2062.14,2064.88,2064.88,1367533
2021-02-23,2025.01,2082.01,2002.02,2070.86,2070.86,1667377
2021-02-24,2041.83,2100.78,2038.13,2095.17,2095.17,1248349
2021-02-25,2067.45,2094.88,2021.29,2031.36,2031.36,1828432
2021-02-26,2050.52,2071.01,2016.06,2036.86,2036.86,2083801
2021-03-01,2056.52,2086.52,2046.1,2081.51,2081.51,1405115
2021-03-02,2076.19,2104.37,2071.26,2075.84,2075.84,1134595
2021-03-03,2067.21,2088.518,2010,2026.71,2026.71,1484181
2021-03-04,2023.37,2089.24,2020.27,2049.09,2049.09,2118006
2021-03-05,2073.12,2118.11,2046.415,2108.54,2108.54,2195218
2021-03-08,2101.13,2128.81,2021.61,2024.17,2024.17,1647429
2021-03-09,2070,2078.04,2047.83,2052.7,2052.7,1697306
2021-03-10,2071.76,2075,2033.37,2055.03,2055.03,1268592
2021-03-11,2074.06,2125.7,2072.38,2114.77,2114.77,1239080
2021-03-12,2085,2090.26,2047.55,2061.92,2061.92,1725794
2021-03-15,2062.3,2067.06,2043.51,2066.49,2066.49,1298325
2021-03-16,2078.99,2123.56,2070,2092.52,2092.52,1491564
2021-03-17,2076.03,2109.78,2054,2091.08,2091.08,1299016
2021-03-18,2061,2075.5,2033.55,2036.22,2036.22,1362430
2021-03-19,2042.05,2053.1,2017.68,2043.2,2043.2,2314893
2021-03-22,2041.84,2057.99,2026.07,2038.59,2038.59,1954816
2021-03-23,2051.7,2072.302,2039.22,2052.96,2052.96,1366997
2021-03-24,2065.37,2078.21,2041.555,2045.06,2045.06,1154029
2021-03-25,2044.81,2058.87,2010.73,2044.36,2044.36,1418907
2021-03-26,2038.86,2050.99,2014.02,2035.55,2035.55,1493800
2021-03-29,2027.88,2058.43,2015.62,2055.95,2055.95,1229777
2021-03-30,2057.63,2070.78,2044.03,2055.54,2055.54,1036774
2021-03-31,2059.12,2093.327,2056.745,2068.63,2068.63,1459930
2021-04-01,2097.95,2142.94,2096.89,2137.75,2137.75,1698978
2021-04-05,2152.94,2237.31,2151.62,2225.55,2225.55,2164875
2021-04-06,2222.5,2237.66,2214.8,2224.75,2224.75,1353036
2021-04-07,2226.13,2255,2225.33,2249.68,2249.68,1289861
2021-04-08,2277.96,2284.005,2257.68,2265.44,2265.44,1358259
2021-04-09,2256.7,2289.04,2253.714,2285.88,2285.88,1044365
2021-04-12,2266.25,2275.3201,2238.4651,2254.79,2254.79,1565900
2021-04-13,2261.47,2277.21,2256.0901,2267.27,2267.27,1165500
2021-04-14,2275.1599,2277.99,2249.1899,2254.8401,2254.8401,1011000
2021-04-15,2276.98,2306.5969,2266,2296.6599,2296.6599,1373600
2021-04-16,2303,2306.44,2284.45,2297.76,2297.76,1130090
2021-04-19,2291.98,2318.45,2287.845,2302.3999,2302.3999,1234400
2021-04-20,2307.8899,2309.6001,2271.71,2293.6299,2293.6299,1088700
2021-04-21,2285.25,2295.3201,2258.5701,2293.29,2293.29,1196500
2021-04-22,2293.23,2303.762,2256.45,2267.9199,2267.9199,1054800
2021-04-23,2283.47,2325.8201,2278.21,2315.3,2315.3,1433500
2021-04-26,2319.9299,2341.26,2313.8401,2326.74,2326.74,1041700
2021-04-27,2336,2337.45,2304.27,2307.1201,2307.1201,1598600
2021-04-28,2407.145,2452.3779,2374.8501,2379.9099,2379.9099,2986400
2021-04-29,2410.3301,2436.52,2402.28,2429.8899,2429.8899,1977700
2021-04-30,2404.49,2427.1399,2402.1599,2410.1201,2410.1201,1956700
2021-05-03,2402.72,2419.7,2384.5,2395.1699,2395.1699,1689400
2021-05-04,2369.74,2379.26,2311.7,2354.25,2354.25,1756000
2021-05-05,2368.4199,2382.2,2351.4099,2356.74,2356.74,1090300
2021-05-06,2350.6399,2382.71,2342.3379,2381.3501,2381.3501,1030900
2021-05-07,2400,2416.4099,2390,2398.6899,2398.6899,1163600
2021-05-10,2374.8899,2378,2334.73,2341.6599,2341.6599,1300300
2021-05-11,2291.8601,2322,2283,2308.76,2308.76,1605500
2021-05-12,2261.71,2285.3701,2230.05,2239.0801,2239.0801,1746700
2021-05-13,2261.0901,2276.6011,2242.72,2261.97,2261.97,1333500
2021-05-14,2291.8301,2321.1399,2283.3201,2316.1599,2316.1599,1330100
2021-05-17,2309.3201,2323.3401,2295,2321.4099,2321.4099,992100
2021-05-18,2336.906,2343.1499,2303.1599,2303.4299,2303.4299,865100
2021-05-19,2264.3999,2316.76,2263.52,2308.71,2308.71,967500
2021-05-20,2328.04,2360.3401,2321.0901,2356.0901,2356.0901,1191600
2021-05-21,2365.99,2369,2342.3701,2345.1001,2345.1001,1139600
2021-05-24,2367,2418.48,2360.1101,2406.6699,2406.6699,1062200
2021-05-25,2420,2432.8899,2402.99,2409.0701,2409.0701,941900
2021-05-26,2412.835,2442.9441,2412.5149,2433.53,2433.53,1092800
2021-05-27,2436.9399,2440,2402,2402.51,2402.51,1948100
2021-05-28,2421.96,2428.1399,2407.6899,2411.5601,2411.5601,1205400
2021-06-01,2422,2437.9709,2404.8799,2429.8101,2429.8101,958300
2021-06-02,2435.3101,2442,2404.2,2421.28,2421.28,857900
2021-06-03,2395.02,2409.7451,2382.8301,2404.6101,2404.6101,917300
2021-06-04,2422.52,2453.8589,2417.77,2451.76,2451.76,1295800
2021-06-07,2451.3201,2468,2441.073,2466.0901,2466.0901,1192500
2021-06-08,2479.8999,2494.4951,2468.24,2482.8501,2482.8501,1253000
2021-06-09,2499.5,2505,2487.3301,2491.3999,2491.3999,1006300
2021-06-10,2494.01,2523.26,2494,2521.6001,2521.6001,1561700
2021-06-11,2524.9199,2526.99,2498.29,2513.9299,2513.9299,1262000
2021-06-14,2513.3899,2528.23,2500.9399,2527.04,2527.04,1127500
2021-06-15,2530.4399,2537.24,2512.97,2520.6599,2520.6599,1109100
2021-06-16,2524.95,2530.47,2482.999,2513.9299,2513.9299,1315800
2021-06-17,2510.46,2543.9299,2510.3,2527.4199,2527.4199,1287800
2021-06-18,2514.1101,2527.78,2492.0601,2511.3501,2511.3501,2634700
2021-06-21,2514.8,2540.7351,2502.6851,2529.1001,2529.1001,1312800
2021-06-22,2529,2545.3999,2520.53,2539.99,2539.99,1049200
2021-06-23,2531,2555.9199,2525.04,2529.23,2529.23,984700
2021-06-24,2541.0701,2550.71,2539.2,2545.6399,2545.6399,946700
2021-06-25,2539.1399,2550.1001,2528.8799,2539.8999,2539.8999,1674200
2021-06-28,2540,2546.74,2519.4761,2536.3899,2536.3899,1405500
2021-06-29,2535.45,2540,2508.74,2520.3701,2520.3701,1047500
2021-06-30,2513.071,2516,2495.1499,2506.3201,2506.3201,1200300
2021-07-01,2496.9951,2529.25,2496.9951,2527.3701,2527.3701,856000
2021-07-02,2536.79,2576.96,2535.3799,2574.3799,2574.3799,1058000
2021-07-06,2588.99,2597.6899,2568.1799,2595.4199,2595.4199,1067500
2021-07-07,2606.8201,2612.7981,2595.2,2601.55,2601.55,834000
2021-07-08,2565,2600.6499,2560.8,2583.54,2583.54,989000
2021-07-09,2578.8899,2596.99,2578.8701,2591.49,2591.49,755300
2021-07-12,2596.6699,2615.3999,2592,2611.28,2611.28,847200
2021-07-13,2617.6299,2640.8401,2612.74,2619.8899,2619.8899,830900
2021-07-14,2638.03,2659.9199,2637.96,2641.6499,2641.6499,895600
2021-07-15,2650,2651.8999,2611.96,2625.3301,2625.3301,829300
2021-07-16,2632.8201,2643.6599,2616.4299,2636.9099,2636.9099,742800
2021-07-19,2623.1101,2624.9399,2570.74,2585.0801,2585.0801,1285500
2021-07-20,2600.0801,2640.0271,2583.7681,2622.03,2622.03,954200
2021-07-21,2615.74,2652.345,2612.03,2652.01,2652.01,737100
2021-07-22,2653,2670.0901,2648,2666.5701,2666.5701,680400
2021-07-23,2705.2,2776.1699,2694.01,2756.3201,2756.3201,1317200
2021-07-26,2765,2794.26,2753.02,2792.8899,2792.8899,1152600
2021-07-27,2800.22,2800.22,2702,2735.9299,2735.9299,2108200
2021-07-28,2771.24,2793.52,2727,2727.6299,2727.6299,2734400
2021-07-29,2727.6121,2743.03,2722.76,2730.8101,2730.8101,964200
2021-07-30,2710.22,2715.427,2696.2839,2704.4199,2704.4199,1196600
2021-08-02,2709.6899,2720.4099,2693.3899,2719.79,2719.79,1007000
2021-08-03,2720,2726.71,2683.6699,2725.6001,2725.6001,953200
2021-08-04,2724.99,2730.76,2708.3,2720.5701,2720.5701,826400
2021-08-05,2720.5701,2739,2712,2738.8,2738.8,593300
2021-08-06,2725.8999,2741.6011,2720.9299,2740.72,2740.72,678000
2021-08-09,2738.98,2766.4299,2728.575,2760.04,2760.04,618700
2021-08-10,2761.5901,2771.03,2744.53,2761.9299,2761.9299,801700
2021-08-11,2765.6599,2776.9551,2747,2753.79,2753.79,760200
2021-08-12,2754.26,2768.3601,2735.5801,2767.79,2767.79,732300
2021-08-13,2767.1499,2773.48,2760.1001,2768.1201,2768.1201,628600
2021-08-16,2760,2779.8101,2723.3149,2778.3201,2778.3201,902000
2021-08-17,2763.8201,2774.3701,2735.75,2746.01,2746.01,1063600
2021-08-18,2742.3101,2765.8799,2728.4199,2731.3999,2731.3999,746700
2021-08-19,2709.3501,2749.04,2707.1201,2738.27,2738.27,914800
2021-08-20,2741.6599,2772.29,2729.3401,2768.74,2768.74,778200
2021-08-23,2779.97,2843.54,2774.959,2821.99,2821.99,1054500
2021-08-24,2830.8701,2860.1499,2827.0701,2847.97,2847.97,756300
2021-08-25,2857.6599,2866.26,2848.79,2859,2859,641900
2021-08-26,2852.3701,2862.696,2841.8301,2842.46,2842.46,746100
2021-08-27,2842.25,2900.22,2840.3999,2891.01,2891.01,1228100
2021-08-30,2894.0901,2929.79,2892,2909.3899,2909.3899,845800
2021-08-31,2917.6899,2922.24,2900,2909.24,2909.24,1337800
2021-09-01,2913,2936.4099,2912.29,2916.8401,2916.8401,791200
2021-09-02,2918.99,2926.5,2882.1299,2884.3799,2884.3799,1092200
2021-09-03,2882.9199,2907.54,2870.1001,2895.5,2895.5,955200
15015