Date,Open,High,Low,Close,Adjusted_close,Volume
2020-09-10,213.4,214.74,204.11,205.37,203.5027,35461512
2020-09-11,207.2,208.63,201.24,204.03,202.1748,33620070
2020-09-14,204.24,209.2,204.03,205.41,203.5423,30375770
2020-09-15,208.42,209.78,206.93,208.78,206.8817,21823939
2020-09-16,210.62,210.65,204.64,205.05,203.1856,26372461
2020-09-17,200.05,204.33,199.96,202.91,201.065,34011262
2020-09-18,202.8,203.65,196.25,200.39,198.5679,55225328
2020-09-21,197.19,202.71,196.38,202.54,200.6984,39839660
2020-09-22,205.06,208.1,202.075,207.42,205.534,33517070
2020-09-23,207.9,208.1,200.03,200.59,198.7661,30803779
2020-09-24,199.85,205.57,199.2,203.19,201.3425,31202490
2020-09-25,203.55,209.04,202.54,207.82,205.9304,29437311
2020-09-28,210.88,212.57,208.06,209.44,207.5356,32004939
2020-09-29,209.35,210.07,206.81,207.26,205.3755,24464471
2020-09-30,207.73,211.98,206.54,210.33,208.4176,33829090
2020-10-01,213.49,213.99,211.32,212.46,210.5282,27158420
2020-10-02,208,210.99,205.54,206.19,204.3152,33154781
2020-10-05,207.22,210.41,206.98,210.38,208.4671,21331561
2020-10-06,208.82,210.18,204.82,205.91,204.0377,28554260
2020-10-07,207.06,210.11,206.72,209.83,207.9221,25681051
2020-10-08,210.51,211.19,208.32,210.58,208.6653,19925840
2020-10-09,211.23,215.86,211.23,215.81,213.8477,26458051
2020-10-12,218.79,223.86,216.81,221.4,219.3869,40461367
2020-10-13,222.72,225.21,220.43,222.86,220.8336,28950840
2020-10-14,223,224.22,219.13,220.86,218.8518,23451711
2020-10-15,217.1,220.36,216.01,219.66,217.6627,22733061
2020-10-16,220.15,222.29,219.32,219.66,217.6627,26057881
2020-10-19,220.415,222.3,213.72,214.22,212.2722,27625840
2020-10-20,215.8,217.37,213.0901,214.65,212.6983,22753510
2020-10-21,213.12,216.92,213.12,214.8,212.8469,22724910
2020-10-22,213.93,216.055,211.7,214.89,212.9361,22351449
2020-10-23,215.03,216.28,213.16,216.23,214.2639,18879609
2020-10-26,213.85,216.3399,208.1,210.08,208.1698,37111559
2020-10-27,211.59,214.67,210.329,213.25,211.311,36700328
2020-10-28,207.67,208.84,202.1,202.68,200.8371,51195594
2020-10-29,204.07,207.36,203.37,204.72,202.8586,31432561
2020-10-30,203.5,204.29,199.62,202.47,200.629,36980113
2020-11-02,204.29,205.28,200.12,202.33,200.4903,30842160
2020-11-03,203.89,208.12,203.12,206.43,204.553,27512029
2020-11-04,214.02,218.32,212.4185,216.39,214.4225,42311781
2020-11-05,222.04,224.12,221.15,223.29,221.2597,36080141
2020-11-06,222.26,224.36,218.03,223.72,221.6858,25231900
2020-11-09,224.435,228.12,217.88,218.39,216.4043,44394953
2020-11-10,214.5,216.5,209.72,211.01,209.0914,44045121
2020-11-11,212.39,218.04,212.2,216.55,214.581,29440789
2020-11-12,217.21,219.11,214.46,215.44,213.4811,21616119
2020-11-13,216.36,217.42,214.16,216.51,214.5414,18630311
2020-11-16,214.87,217.74,214.52,217.23,215.2548,24953340
2020-11-17,216.1,217.68,214.08,214.46,212.51,24154109
2020-11-18,213.65,215.17,210.93,211.08,209.7083,28372789
2020-11-19,211.38,213.03,209.93,212.42,211.0396,24792750
2020-11-20,212.2,213.285,210,210.39,209.0228,22843119
2020-11-23,210.95,212.29,208.16,210.11,208.7446,25683510
2020-11-24,209.59,214.25,208.86,213.86,212.4703,33979727
2020-11-25,215.11,215.29,212.46,213.87,212.4802,21012891
2020-11-27,214.85,216.27,214.04,215.23,213.8314,14512210
2020-11-30,214.1,214.76,210.835,214.07,212.6789,33064750
2020-12-01,214.51,217.32,213.35,216.21,214.805,30931320
2020-12-02,214.88,215.47,212.8,215.37,213.9705,23724510
2020-12-03,214.61,216.3757,213.65,214.24,212.8478,25120920
2020-12-04,214.22,215.38,213.18,214.36,212.967,24666039
2020-12-07,214.37,215.54,212.99,214.29,212.8975,24620000
2020-12-08,213.97,216.95,212.89,216.01,214.6063,23284090
2020-12-09,215.16,215.225,211.214,211.8,210.4237,32440600
2020-12-10,211.77,213.08,210.36,210.52,209.152,26467020
2020-12-11,210.05,213.32,209.11,213.26,211.8742,30979439
2020-12-14,213.1,216.21,212.88,214.2,212.8081,28798381
2020-12-15,215.165,215.42,212.24,214.13,212.7385,27018109
2020-12-16,214.75,220.11,214.72,219.28,217.855,35023246
2020-12-17,219.87,220.89,217.92,219.42,217.9941,32515779
2020-12-18,218.59,219.69,216.02,218.59,217.1695,63354922
2020-12-21,217.55,224,217.2801,222.59,221.1435,37181887
2020-12-22,222.69,225.63,221.85,223.94,222.4848,22643400
2020-12-23,223.11,223.5589,220.8,221.02,219.5837,18699641
2020-12-24,221.42,223.61,221.2,222.75,221.3025,10550570
2020-12-28,224.45,226.03,223.02,224.96,223.4981,17933500
2020-12-29,226.31,227.18,223.58,224.15,222.6934,17403211
2020-12-30,225.23,225.63,221.47,221.68,220.2394,20272340
2020-12-31,221.7,223,219.68,222.42,220.9746,20942131
2021-01-04,222.53,223,214.81,217.69,216.2754,37130141
2021-01-05,217.26,218.52,215.7,217.9,216.484,23822949
2021-01-06,212.17,216.4899,211.94,212.25,210.8707,35930648
2021-01-07,214.04,219.34,213.71,218.29,216.8715,27694480
2021-01-08,218.68,220.58,217.0261,219.62,218.1928,22956211
2021-01-11,218.47,218.91,216.73,217.49,216.0767,23047029
2021-01-12,216.5,217.1,213.3202,214.93,213.5333,23249340
2021-01-13,214.02,216.76,213.9266,216.34,214.9341,20087080
2021-01-14,215.91,217.46,212.74,213.02,211.6357,29346740
2021-01-15,213.52,214.51,212.03,212.65,211.2681,31746510
2021-01-19,213.75,216.98,212.63,216.44,215.0335,30480859
2021-01-20,217.7,225.79,217.2908,224.34,222.8822,37777262
2021-01-21,224.7,226.3,222.42,224.97,223.5081,30749551
2021-01-22,227.08,230.07,225.8,225.95,224.4817,30172660
2021-01-25,229.12,229.78,224.22,229.53,228.0384,33152102
2021-01-26,231.86,234.18,230.08,232.33,230.8202,49169602
2021-01-27,238,240.44,230.14,232.9,231.3865,69870641
2021-01-28,235.61,242.64,235.09,238.93,237.3774,49111160
2021-01-29,235.99,238.02,231.35,231.96,230.4526,42503141
2021-02-01,235.06,242.5,232.43,239.65,238.0927,33314191
2021-02-02,241.3,242.31,238.69,239.51,237.9536,25916340
2021-02-03,239.57,245.09,239.26,243,241.4209,27158100
2021-02-04,242.66,243.2399,240.37,242.01,240.4373,25296100
2021-02-05,242.23,243.28,240.42,242.2,240.6261,18054750
2021-02-08,243.15,243.68,240.81,242.47,240.8943,22211930
2021-02-09,241.87,244.76,241.38,243.77,242.1859,23564949
2021-02-10,245,245.92,240.89,242.82,241.2421,22186711
2021-02-11,244.78,245.15,242.15,244.49,242.9012,15751060
2021-02-12,243.933,245.3,242.73,244.99,243.398,16561080
2021-02-16,245.03,246.13,242.92,243.7,242.1164,26728490
2021-02-17,241.32,244.31,240.94,244.2,243.1719,21673109
2021-02-18,241.8,243.93,240.86,243.79,242.7636,16925561
2021-02-19,243.75,243.86,240.18,240.97,239.9555,25262600
2021-02-22,237.42,237.93,232.4,234.51,233.5227,36446941
2021-02-23,230.325,234.83,228.73,233.27,232.2879,30228699
2021-02-24,230.01,235.2,229,234.55,233.5625,26339750
2021-02-25,232.08,234.5852,227.88,228.99,228.0259,39542238
2021-02-26,231.525,235.37,229.54,232.38,231.4017,37819230
2021-03-01,235.9,237.47,233.15,236.94,235.9425,25332840
2021-03-02,237.01,237.3,233.45,233.87,232.8854,22812461
2021-03-03,232.155,233.5799,227.26,227.56,226.6019,34029527
2021-03-04,226.735,232.49,224.26,226.73,225.7754,44727793
2021-03-05,229.517,233.27,226.46,231.6,230.6249,41872770
2021-03-08,231.37,233.365,227.13,227.39,226.4327,35267441
2021-03-09,232.88,235.3839,231.67,233.78,232.7958,33080531
2021-03-10,237,237,232.04,232.42,231.4415,29746811
2021-03-11,234.96,239.17,234.31,237.13,236.1317,29907590
2021-03-12,234.01,235.82,233.23,235.75,234.7575,22653660
2021-03-15,234.96,235.185,231.81,234.81,233.8214,26042670
2021-03-16,236.28,240.055,235.94,237.71,236.7092,28092199
2021-03-17,236.15,238.55,233.23,237.04,236.042,29562100
2021-03-18,232.56,234.19,230.33,230.72,229.7486,34852246
2021-03-19,231.02,232.474,229.3496,230.35,229.3802,46430727
2021-03-22,230.27,236.9,230.14,235.99,234.9965,30127010
2021-03-23,237.485,241.05,237.07,237.58,236.5798,31638381
2021-03-24,237.845,238,235.32,235.46,234.4687,25620131
2021-03-25,235.3,236.94,231.57,232.34,231.3618,34061848
2021-03-26,231.55,236.71,231.55,236.48,235.4844,25479850
2021-03-29,236.59,236.8,231.88,235.24,234.2496,25227461
2021-03-30,233.525,233.85,231.1,231.85,230.8739,24792010
2021-03-31,232.91,239.1,232.39,235.77,234.7774,43623473
2021-04-01,238.47,242.84,238.0501,242.35,241.3297,30337980
2021-04-05,242.76,249.96,242.7,249.07,248.0214,36910609
2021-04-06,247.61,249.4,246.88,247.86,246.8165,22931920
2021-04-07,247.81,250.93,247.19,249.9,248.8479,22719840
2021-04-08,252.77,254.139,252,253.25,252.1838,23625199
2021-04-09,252.87,255.99,252.44,255.85,254.7728,24326830
2021-04-12,254.71,257.67,254.62,255.91,254.8326,27148670
2021-04-13,257.257,259.19,256.83,258.49,257.4017,23837471
2021-04-14,257.475,258.83,255.16,255.59,254.5139,23070939
2021-04-15,257.931,259.93,257.73,259.5,258.4075,25627480
2021-04-16,259.47,261,257.6014,260.74,259.6423,24878580
2021-04-19,260.19,261.48,257.821,258.74,257.6507,23209260
2021-04-20,257.82,260.2,256.84,258.26,257.1727,19722881
2021-04-21,258.94,260.68,257.25,260.58,259.4829,24030381
2021-04-22,260.21,261.78,255.64,257.17,256.0873,25606150
2021-04-23,257.88,261.51,257.27,261.15,260.0505,21499289
2021-04-26,261.66,262.435,260.17,261.55,260.4488,19763350
2021-04-27,261.585,263.19,260.12,261.97,260.8671,31014211
2021-04-28,256.078,256.5399,252.95,254.56,253.4883,46903121
2021-04-29,255.46,256.1,249,252.51,251.4469,40589020
2021-04-30,249.74,253.08,249.6,252.18,251.1183,30945100
2021-05-03,253.4,254.35,251.12,251.86,250.7996,19626570
2021-05-04,250.97,251.21,245.76,247.79,246.7468,32756051
2021-05-05,249.06,249.5,245.82,246.47,245.4323,21901330
2021-05-06,246.45,249.86,244.69,249.73,248.6786,26491090
2021-05-07,252.15,254.3,251.17,252.46,251.3971,27032910
2021-05-10,250.87,251.73,247.12,247.18,246.1393,29299891
2021-05-11,244.55,246.6,242.57,246.23,245.1933,33641594
2021-05-12,242.165,244.38,238.07,239,237.9938,36684367
2021-05-13,241.8,245.6,241.42,243.03,242.0068,29624301
2021-05-14,245.575,249.18,245.49,248.15,247.1053,23901080
2021-05-17,246.55,246.59,243.52,245.18,244.1478,24938180
2021-05-18,246.27,246.41,242.9,243.08,242.0566,20167980
2021-05-19,239.31,243.23,238.6,243.12,242.6555,25739811
2021-05-20,243.96,247.95,243.86,246.48,246.009,21800721
2021-05-21,247.565,248.33,244.74,245.17,244.7015,21863061
2021-05-24,247.785,251.16,247.51,250.78,250.3008,21411551
2021-05-25,251.769,252.75,250.82,251.72,251.239,17704301
2021-05-26,251.43,252.94,250.75,251.49,251.0095,17771600
2021-05-27,251.17,251.48,249.25,249.31,248.8336,24426240
2021-05-28,250.995,252.08,249.56,249.68,249.2029,18274939
2021-06-01,251.23,251.29,246.96,247.4,246.9273,23213311
2021-06-02,248.125,249.27,245.84,247.3,246.8275,19406711
2021-06-03,245.22,246.34,243,245.71,245.2405,25307711
2021-06-04,247.76,251.65,247.51,250.79,250.3108,25281090
2021-06-07,249.98,254.09,249.81,253.81,253.325,23079170
2021-06-08,255.16,256.01,252.51,252.57,252.0874,22455000
2021-06-09,253.81,255.53,253.21,253.59,253.1055,17937631
2021-06-10,254.29,257.46,253.67,257.24,256.7485,24563619
2021-06-11,257.985,258.4868,256.61,257.89,257.3972,18999730
2021-06-14,257.9,259.95,256.8,259.89,259.3934,19150510
2021-06-15,259.775,259.99,257.68,258.36,257.8663,18038930
2021-06-16,259.4,260.58,254.42,257.38,256.8882,27219961
2021-06-17,256.065,261.75,256.01,260.9,260.4015,27565539
2021-06-18,259.63,262.3,258.75,259.43,258.9343,37202219
2021-06-21,259.82,263.52,257.92,262.63,262.1282,26696119
2021-06-22,262.72,265.79,262.4,265.51,265.0027,24694090
2021-06-23,265.99,266.83,264.43,265.275,264.7681,19518680
2021-06-24,266.16,267.85,265.47,266.69,266.1804,21446869
2021-06-25,266.23,267.25,264.76,265.02,264.5136,25611109
2021-06-28,266.185,268.9,265.91,268.72,268.2065,19590020
2021-06-29,268.865,271.65,267.98,271.4,270.8814,19937811
2021-06-30,270.69,271.3598,269.6043,270.9,270.3824,21656461
2021-07-01,269.61,271.84,269.6,271.6,271.081,16725320
2021-07-02,272.82,278,272.5,277.65,277.1195,26474410
2021-07-06,278.03,279.3698,274.3,277.66,277.1295,31565561
2021-07-07,279.4,280.6945,277.15,279.93,279.3951,23260029
2021-07-08,276.9,278.73,274.87,277.42,276.8899,24618590
2021-07-09,275.72,278.05,275.32,277.94,277.4089,23916670
2021-07-12,279.157,279.77,276.58,277.32,276.7901,18931699
2021-07-13,277.52,282.8477,277.39,280.98,280.4431,26120131
2021-07-14,282.345,283.66,280.55,282.51,281.9702,23113660
2021-07-15,282,282.51,279.83,281.03,280.493,22604230
2021-07-16,282.07,284.1,279.46,280.75,280.2136,26186850
2021-07-19,278.934,280.37,274.45,277.01,276.4807,32935629
2021-07-20,278.03,280.97,276.26,279.32,278.7863,26259740
2021-07-21,278.905,281.52,277.29,281.4,280.8623,24364320
2021-07-22,283.84,286.42,283.42,286.14,285.5933,23384061
2021-07-23,287.37,289.99,286.5,289.67,289.1165,22768070
2021-07-26,289,289.69,286.642,289.05,288.4977,23176070
2021-07-27,289.43,289.575,282.95,286.54,285.9925,33604070
2021-07-28,288.99,290.15,283.8303,286.22,285.6731,33566848
2021-07-29,286.235,288.618,286.08,286.5,285.9526,18168289
2021-07-30,285.17,286.66,283.91,284.91,284.3656,20944850
2021-08-02,286.36,286.775,283.74,284.82,284.2758,16267360
2021-08-03,285.42,287.23,284,287.12,286.5714,17879051
2021-08-04,286.22,287.5883,284.65,286.51,285.9626,16191300
2021-08-05,286.88,289.63,286.1,289.52,288.9668,13900170
2021-08-06,288.505,289.5,287.6238,289.46,288.9069,16589340
2021-08-09,289.75,291.55,287.81,288.33,287.7791,16117630
2021-08-10,288.8,289.25,285.2,286.44,285.8927,18616580
2021-08-11,287.21,288.66,285.86,286.95,286.4017,13955930
2021-08-12,286.63,289.97,286.34,289.81,289.2562,14570390
2021-08-13,289.48,292.9,289.3,292.85,292.2904,18249051
2021-08-16,293.19,294.82,290.02,294.6,294.0371,22507600
2021-08-17,292.39,293.43,291.08,293.08,292.52,20075300
2021-08-18,292.04,294.82,290.27,290.73,290.73,21813000
2021-08-19,288.69,297.47,288.64,296.77,296.77,29850500
2021-08-20,299.72,305.84,298.06,304.36,304.36,40796100
2021-08-23,303.25,305.4,301.85,304.65,304.65,22830200
2021-08-24,305.02,305.65,302,302.62,302.62,18175800
2021-08-25,304.3,304.59,300.42,302.01,302.01,20006100
2021-08-26,300.99,302.43,298.95,299.09,299.09,17666100
2021-08-27,298.99,300.87,296.83,299.72,299.72,22597000
2021-08-30,301.12,304.22,301.06,303.59,303.59,16348100
2021-08-31,304.42,304.5,301.5,301.88,301.88,26285300
2021-09-01,302.87,305.19,301.49,301.83,301.83,18983800
2021-09-02,302.2,303.36,300.18,301.15,301.15,16285600
2021-09-03,300.99,302.6,300.26,301.14,301.14,14747900
2021-09-07,301.01,301.09,298.2,300.18,300.18,17180400
2021-09-08,299.78,300.61,297.47,300.21,300.21,15046800
2021-09-09,300.82,302.14,297,297.25,297.25,19872370
14289