topology: 30 36 36 36 5
in: 0.2166 0.244296 0.255338 0.281002 0.281 0.279398 0.2792 0.3318 0.3112 0.3086 0.295432 0.30269 0.303802 0.327986 0.3198 0.33579 0.283202 0.287 0.3008 0.3002 0.2976 0.303 0.28984 0.299002 0.298598 0.298166 0.299908 0.2896 0.2792 0.294 
out: 0.3222 0.332998 0.3354 0.379798 0.373 
in: 0.244296 0.255338 0.281002 0.281 0.279398 0.2792 0.3318 0.3112 0.3086 0.295432 0.30269 0.303802 0.327986 0.3198 0.33579 0.283202 0.287 0.3008 0.3002 0.2976 0.303 0.28984 0.299002 0.298598 0.298166 0.299908 0.2896 0.2792 0.294 0.3222 
out: 0.332998 0.3354 0.379798 0.373 0.372136 
in: 0.255338 0.281002 0.281 0.279398 0.2792 0.3318 0.3112 0.3086 0.295432 0.30269 0.303802 0.327986 0.3198 0.33579 0.283202 0.287 0.3008 0.3002 0.2976 0.303 0.28984 0.299002 0.298598 0.298166 0.299908 0.2896 0.2792 0.294 0.3222 0.332998 
out: 0.3354 0.379798 0.373 0.372136 0.408952 
in: 0.281002 0.281 0.279398 0.2792 0.3318 0.3112 0.3086 0.295432 0.30269 0.303802 0.327986 0.3198 0.33579 0.283202 0.287 0.3008 0.3002 0.2976 0.303 0.28984 0.299002 0.298598 0.298166 0.299908 0.2896 0.2792 0.294 0.3222 0.332998 0.3354 
out: 0.379798 0.373 0.372136 0.408952 0.425256 
in: 0.281 0.279398 0.2792 0.3318 0.3112 0.3086 0.295432 0.30269 0.303802 0.327986 0.3198 0.33579 0.283202 0.287 0.3008 0.3002 0.2976 0.303 0.28984 0.299002 0.298598 0.298166 0.299908 0.2896 0.2792 0.294 0.3222 0.332998 0.3354 0.379798 
out: 0.373 0.372136 0.408952 0.425256 0.394978 
in: 0.279398 0.2792 0.3318 0.3112 0.3086 0.295432 0.30269 0.303802 0.327986 0.3198 0.33579 0.283202 0.287 0.3008 0.3002 0.2976 0.303 0.28984 0.299002 0.298598 0.298166 0.299908 0.2896 0.2792 0.294 0.3222 0.332998 0.3354 0.379798 0.373 
out: 0.372136 0.408952 0.425256 0.394978 0.412 
in: 0.2792 0.3318 0.3112 0.3086 0.295432 0.30269 0.303802 0.327986 0.3198 0.33579 0.283202 0.287 0.3008 0.3002 0.2976 0.303 0.28984 0.299002 0.298598 0.298166 0.299908 0.2896 0.2792 0.294 0.3222 0.332998 0.3354 0.379798 0.373 0.372136 
out: 0.408952 0.425256 0.394978 0.412 0.436092 
in: 0.3318 0.3112 0.3086 0.295432 0.30269 0.303802 0.327986 0.3198 0.33579 0.283202 0.287 0.3008 0.3002 0.2976 0.303 0.28984 0.299002 0.298598 0.298166 0.299908 0.2896 0.2792 0.294 0.3222 0.332998 0.3354 0.379798 0.373 0.372136 0.408952 
out: 0.425256 0.394978 0.412 0.436092 0.459024 
in: 0.3112 0.3086 0.295432 0.30269 0.303802 0.327986 0.3198 0.33579 0.283202 0.287 0.3008 0.3002 0.2976 0.303 0.28984 0.299002 0.298598 0.298166 0.299908 0.2896 0.2792 0.294 0.3222 0.332998 0.3354 0.379798 0.373 0.372136 0.408952 0.425256 
out: 0.394978 0.412 0.436092 0.459024 0.44461 
in: 0.3086 0.295432 0.30269 0.303802 0.327986 0.3198 0.33579 0.283202 0.287 0.3008 0.3002 0.2976 0.303 0.28984 0.299002 0.298598 0.298166 0.299908 0.2896 0.2792 0.294 0.3222 0.332998 0.3354 0.379798 0.373 0.372136 0.408952 0.425256 0.394978 
out: 0.412 0.436092 0.459024 0.44461 0.50214 
in: 0.295432 0.30269 0.303802 0.327986 0.3198 0.33579 0.283202 0.287 0.3008 0.3002 0.2976 0.303 0.28984 0.299002 0.298598 0.298166 0.299908 0.2896 0.2792 0.294 0.3222 0.332998 0.3354 0.379798 0.373 0.372136 0.408952 0.425256 0.394978 0.412 
out: 0.436092 0.459024 0.44461 0.50214 0.47899 
in: 0.30269 0.303802 0.327986 0.3198 0.33579 0.283202 0.287 0.3008 0.3002 0.2976 0.303 0.28984 0.299002 0.298598 0.298166 0.299908 0.2896 0.2792 0.294 0.3222 0.332998 0.3354 0.379798 0.373 0.372136 0.408952 0.425256 0.394978 0.412 0.436092 
out: 0.459024 0.44461 0.50214 0.47899 0.40723 
in: 0.303802 0.327986 0.3198 0.33579 0.283202 0.287 0.3008 0.3002 0.2976 0.303 0.28984 0.299002 0.298598 0.298166 0.299908 0.2896 0.2792 0.294 0.3222 0.332998 0.3354 0.379798 0.373 0.372136 0.408952 0.425256 0.394978 0.412 0.436092 0.459024 
out: 0.44461 0.50214 0.47899 0.40723 0.40281 
in: 0.327986 0.3198 0.33579 0.283202 0.287 0.3008 0.3002 0.2976 0.303 0.28984 0.299002 0.298598 0.298166 0.299908 0.2896 0.2792 0.294 0.3222 0.332998 0.3354 0.379798 0.373 0.372136 0.408952 0.425256 0.394978 0.412 0.436092 0.459024 0.44461 
out: 0.50214 0.47899 0.40723 0.40281 0.356 
in: 0.3198 0.33579 0.283202 0.287 0.3008 0.3002 0.2976 0.303 0.28984 0.299002 0.298598 0.298166 0.299908 0.2896 0.2792 0.294 0.3222 0.332998 0.3354 0.379798 0.373 0.372136 0.408952 0.425256 0.394978 0.412 0.436092 0.459024 0.44461 0.50214 
out: 0.47899 0.40723 0.40281 0.356 0.3566 
in: 0.33579 0.283202 0.287 0.3008 0.3002 0.2976 0.303 0.28984 0.299002 0.298598 0.298166 0.299908 0.2896 0.2792 0.294 0.3222 0.332998 0.3354 0.379798 0.373 0.372136 0.408952 0.425256 0.394978 0.412 0.436092 0.459024 0.44461 0.50214 0.47899 
out: 0.40723 0.40281 0.356 0.3566 0.38621 
in: 0.283202 0.287 0.3008 0.3002 0.2976 0.303 0.28984 0.299002 0.298598 0.298166 0.299908 0.2896 0.2792 0.294 0.3222 0.332998 0.3354 0.379798 0.373 0.372136 0.408952 0.425256 0.394978 0.412 0.436092 0.459024 0.44461 0.50214 0.47899 0.40723 
out: 0.40281 0.356 0.3566 0.38621 0.38194 
in: 0.287 0.3008 0.3002 0.2976 0.303 0.28984 0.299002 0.298598 0.298166 0.299908 0.2896 0.2792 0.294 0.3222 0.332998 0.3354 0.379798 0.373 0.372136 0.408952 0.425256 0.394978 0.412 0.436092 0.459024 0.44461 0.50214 0.47899 0.40723 0.40281 
out: 0.356 0.3566 0.38621 0.38194 0.38095 
in: 0.3008 0.3002 0.2976 0.303 0.28984 0.299002 0.298598 0.298166 0.299908 0.2896 0.2792 0.294 0.3222 0.332998 0.3354 0.379798 0.373 0.372136 0.408952 0.425256 0.394978 0.412 0.436092 0.459024 0.44461 0.50214 0.47899 0.40723 0.40281 0.356 
out: 0.3566 0.38621 0.38194 0.38095 0.43656 
in: 0.3002 0.2976 0.303 0.28984 0.299002 0.298598 0.298166 0.299908 0.2896 0.2792 0.294 0.3222 0.332998 0.3354 0.379798 0.373 0.372136 0.408952 0.425256 0.394978 0.412 0.436092 0.459024 0.44461 0.50214 0.47899 0.40723 0.40281 0.356 0.3566 
out: 0.38621 0.38194 0.38095 0.43656 0.43987 
in: 0.2976 0.303 0.28984 0.299002 0.298598 0.298166 0.299908 0.2896 0.2792 0.294 0.3222 0.332998 0.3354 0.379798 0.373 0.372136 0.408952 0.425256 0.394978 0.412 0.436092 0.459024 0.44461 0.50214 0.47899 0.40723 0.40281 0.356 0.3566 0.38621 
out: 0.38194 0.38095 0.43656 0.43987 0.4156 
in: 0.303 0.28984 0.299002 0.298598 0.298166 0.299908 0.2896 0.2792 0.294 0.3222 0.332998 0.3354 0.379798 0.373 0.372136 0.408952 0.425256 0.394978 0.412 0.436092 0.459024 0.44461 0.50214 0.47899 0.40723 0.40281 0.356 0.3566 0.38621 0.38194 
out: 0.38095 0.43656 0.43987 0.4156 0.44794 
in: 0.28984 0.299002 0.298598 0.298166 0.299908 0.2896 0.2792 0.294 0.3222 0.332998 0.3354 0.379798 0.373 0.372136 0.408952 0.425256 0.394978 0.412 0.436092 0.459024 0.44461 0.50214 0.47899 0.40723 0.40281 0.356 0.3566 0.38621 0.38194 0.38095 
out: 0.43656 0.43987 0.4156 0.44794 0.45313 
in: 0.299002 0.298598 0.298166 0.299908 0.2896 0.2792 0.294 0.3222 0.332998 0.3354 0.379798 0.373 0.372136 0.408952 0.425256 0.394978 0.412 0.436092 0.459024 0.44461 0.50214 0.47899 0.40723 0.40281 0.356 0.3566 0.38621 0.38194 0.38095 0.43656 
out: 0.43987 0.4156 0.44794 0.45313 0.4296 
in: 0.298598 0.298166 0.299908 0.2896 0.2792 0.294 0.3222 0.332998 0.3354 0.379798 0.373 0.372136 0.408952 0.425256 0.394978 0.412 0.436092 0.459024 0.44461 0.50214 0.47899 0.40723 0.40281 0.356 0.3566 0.38621 0.38194 0.38095 0.43656 0.43987 
out: 0.4156 0.44794 0.45313 0.4296 0.40516 
in: 0.298166 0.299908 0.2896 0.2792 0.294 0.3222 0.332998 0.3354 0.379798 0.373 0.372136 0.408952 0.425256 0.394978 0.412 0.436092 0.459024 0.44461 0.50214 0.47899 0.40723 0.40281 0.356 0.3566 0.38621 0.38194 0.38095 0.43656 0.43987 0.4156 
out: 0.44794 0.45313 0.4296 0.40516 0.3638 
in: 0.299908 0.2896 0.2792 0.294 0.3222 0.332998 0.3354 0.379798 0.373 0.372136 0.408952 0.425256 0.394978 0.412 0.436092 0.459024 0.44461 0.50214 0.47899 0.40723 0.40281 0.356 0.3566 0.38621 0.38194 0.38095 0.43656 0.43987 0.4156 0.44794 
out: 0.45313 0.4296 0.40516 0.3638 0.39347 
in: 0.2896 0.2792 0.294 0.3222 0.332998 0.3354 0.379798 0.373 0.372136 0.408952 0.425256 0.394978 0.412 0.436092 0.459024 0.44461 0.50214 0.47899 0.40723 0.40281 0.356 0.3566 0.38621 0.38194 0.38095 0.43656 0.43987 0.4156 0.44794 0.45313 
out: 0.4296 0.40516 0.3638 0.39347 0.42462 
in: 0.2792 0.294 0.3222 0.332998 0.3354 0.379798 0.373 0.372136 0.408952 0.425256 0.394978 0.412 0.436092 0.459024 0.44461 0.50214 0.47899 0.40723 0.40281 0.356 0.3566 0.38621 0.38194 0.38095 0.43656 0.43987 0.4156 0.44794 0.45313 0.4296 
out: 0.40516 0.3638 0.39347 0.42462 0.416 
in: 0.294 0.3222 0.332998 0.3354 0.379798 0.373 0.372136 0.408952 0.425256 0.394978 0.412 0.436092 0.459024 0.44461 0.50214 0.47899 0.40723 0.40281 0.356 0.3566 0.38621 0.38194 0.38095 0.43656 0.43987 0.4156 0.44794 0.45313 0.4296 0.40516 
out: 0.3638 0.39347 0.42462 0.416 0.42132 
in: 0.3222 0.332998 0.3354 0.379798 0.373 0.372136 0.408952 0.425256 0.394978 0.412 0.436092 0.459024 0.44461 0.50214 0.47899 0.40723 0.40281 0.356 0.3566 0.38621 0.38194 0.38095 0.43656 0.43987 0.4156 0.44794 0.45313 0.4296 0.40516 0.3638 
out: 0.39347 0.42462 0.416 0.42132 0.44076 
in: 0.332998 0.3354 0.379798 0.373 0.372136 0.408952 0.425256 0.394978 0.412 0.436092 0.459024 0.44461 0.50214 0.47899 0.40723 0.40281 0.356 0.3566 0.38621 0.38194 0.38095 0.43656 0.43987 0.4156 0.44794 0.45313 0.4296 0.40516 0.3638 0.39347 
out: 0.42462 0.416 0.42132 0.44076 0.42139 
in: 0.3354 0.379798 0.373 0.372136 0.408952 0.425256 0.394978 0.412 0.436092 0.459024 0.44461 0.50214 0.47899 0.40723 0.40281 0.356 0.3566 0.38621 0.38194 0.38095 0.43656 0.43987 0.4156 0.44794 0.45313 0.4296 0.40516 0.3638 0.39347 0.42462 
out: 0.416 0.42132 0.44076 0.42139 0.42335 
in: 0.379798 0.373 0.372136 0.408952 0.425256 0.394978 0.412 0.436092 0.459024 0.44461 0.50214 0.47899 0.40723 0.40281 0.356 0.3566 0.38621 0.38194 0.38095 0.43656 0.43987 0.4156 0.44794 0.45313 0.4296 0.40516 0.3638 0.39347 0.42462 0.416 
out: 0.42132 0.44076 0.42139 0.42335 0.42379 
in: 0.373 0.372136 0.408952 0.425256 0.394978 0.412 0.436092 0.459024 0.44461 0.50214 0.47899 0.40723 0.40281 0.356 0.3566 0.38621 0.38194 0.38095 0.43656 0.43987 0.4156 0.44794 0.45313 0.4296 0.40516 0.3638 0.39347 0.42462 0.416 0.42132 
out: 0.44076 0.42139 0.42335 0.42379 0.41987 
in: 0.372136 0.408952 0.425256 0.394978 0.412 0.436092 0.459024 0.44461 0.50214 0.47899 0.40723 0.40281 0.356 0.3566 0.38621 0.38194 0.38095 0.43656 0.43987 0.4156 0.44794 0.45313 0.4296 0.40516 0.3638 0.39347 0.42462 0.416 0.42132 0.44076 
out: 0.42139 0.42335 0.42379 0.41987 0.43844 
in: 0.408952 0.425256 0.394978 0.412 0.436092 0.459024 0.44461 0.50214 0.47899 0.40723 0.40281 0.356 0.3566 0.38621 0.38194 0.38095 0.43656 0.43987 0.4156 0.44794 0.45313 0.4296 0.40516 0.3638 0.39347 0.42462 0.416 0.42132 0.44076 0.42139 
out: 0.42335 0.42379 0.41987 0.43844 0.43013 
in: 0.425256 0.394978 0.412 0.436092 0.459024 0.44461 0.50214 0.47899 0.40723 0.40281 0.356 0.3566 0.38621 0.38194 0.38095 0.43656 0.43987 0.4156 0.44794 0.45313 0.4296 0.40516 0.3638 0.39347 0.42462 0.416 0.42132 0.44076 0.42139 0.42335 
out: 0.42379 0.41987 0.43844 0.43013 0.442 
in: 0.394978 0.412 0.436092 0.459024 0.44461 0.50214 0.47899 0.40723 0.40281 0.356 0.3566 0.38621 0.38194 0.38095 0.43656 0.43987 0.4156 0.44794 0.45313 0.4296 0.40516 0.3638 0.39347 0.42462 0.416 0.42132 0.44076 0.42139 0.42335 0.42379 
out: 0.41987 0.43844 0.43013 0.442 0.44335 
in: 0.412 0.436092 0.459024 0.44461 0.50214 0.47899 0.40723 0.40281 0.356 0.3566 0.38621 0.38194 0.38095 0.43656 0.43987 0.4156 0.44794 0.45313 0.4296 0.40516 0.3638 0.39347 0.42462 0.416 0.42132 0.44076 0.42139 0.42335 0.42379 0.41987 
out: 0.43844 0.43013 0.442 0.44335 0.44978 
in: 0.436092 0.459024 0.44461 0.50214 0.47899 0.40723 0.40281 0.356 0.3566 0.38621 0.38194 0.38095 0.43656 0.43987 0.4156 0.44794 0.45313 0.4296 0.40516 0.3638 0.39347 0.42462 0.416 0.42132 0.44076 0.42139 0.42335 0.42379 0.41987 0.43844 
out: 0.43013 0.442 0.44335 0.44978 0.45031 
in: 0.459024 0.44461 0.50214 0.47899 0.40723 0.40281 0.356 0.3566 0.38621 0.38194 0.38095 0.43656 0.43987 0.4156 0.44794 0.45313 0.4296 0.40516 0.3638 0.39347 0.42462 0.416 0.42132 0.44076 0.42139 0.42335 0.42379 0.41987 0.43844 0.43013 
out: 0.442 0.44335 0.44978 0.45031 0.45444 
in: 0.44461 0.50214 0.47899 0.40723 0.40281 0.356 0.3566 0.38621 0.38194 0.38095 0.43656 0.43987 0.4156 0.44794 0.45313 0.4296 0.40516 0.3638 0.39347 0.42462 0.416 0.42132 0.44076 0.42139 0.42335 0.42379 0.41987 0.43844 0.43013 0.442 
out: 0.44335 0.44978 0.45031 0.45444 0.44624 
in: 0.50214 0.47899 0.40723 0.40281 0.356 0.3566 0.38621 0.38194 0.38095 0.43656 0.43987 0.4156 0.44794 0.45313 0.4296 0.40516 0.3638 0.39347 0.42462 0.416 0.42132 0.44076 0.42139 0.42335 0.42379 0.41987 0.43844 0.43013 0.442 0.44335 
out: 0.44978 0.45031 0.45444 0.44624 0.43175 
in: 0.47899 0.40723 0.40281 0.356 0.3566 0.38621 0.38194 0.38095 0.43656 0.43987 0.4156 0.44794 0.45313 0.4296 0.40516 0.3638 0.39347 0.42462 0.416 0.42132 0.44076 0.42139 0.42335 0.42379 0.41987 0.43844 0.43013 0.442 0.44335 0.44978 
out: 0.45031 0.45444 0.44624 0.43175 0.4227 
in: 0.40723 0.40281 0.356 0.3566 0.38621 0.38194 0.38095 0.43656 0.43987 0.4156 0.44794 0.45313 0.4296 0.40516 0.3638 0.39347 0.42462 0.416 0.42132 0.44076 0.42139 0.42335 0.42379 0.41987 0.43844 0.43013 0.442 0.44335 0.44978 0.45031 
out: 0.45444 0.44624 0.43175 0.4227 0.44192 
in: 0.40281 0.356 0.3566 0.38621 0.38194 0.38095 0.43656 0.43987 0.4156 0.44794 0.45313 0.4296 0.40516 0.3638 0.39347 0.42462 0.416 0.42132 0.44076 0.42139 0.42335 0.42379 0.41987 0.43844 0.43013 0.442 0.44335 0.44978 0.45031 0.45444 
out: 0.44624 0.43175 0.4227 0.44192 0.42184 
in: 0.356 0.3566 0.38621 0.38194 0.38095 0.43656 0.43987 0.4156 0.44794 0.45313 0.4296 0.40516 0.3638 0.39347 0.42462 0.416 0.42132 0.44076 0.42139 0.42335 0.42379 0.41987 0.43844 0.43013 0.442 0.44335 0.44978 0.45031 0.45444 0.44624 
out: 0.43175 0.4227 0.44192 0.42184 0.41163 
in: 0.3566 0.38621 0.38194 0.38095 0.43656 0.43987 0.4156 0.44794 0.45313 0.4296 0.40516 0.3638 0.39347 0.42462 0.416 0.42132 0.44076 0.42139 0.42335 0.42379 0.41987 0.43844 0.43013 0.442 0.44335 0.44978 0.45031 0.45444 0.44624 0.43175 
out: 0.4227 0.44192 0.42184 0.41163 0.42376 
in: 0.38621 0.38194 0.38095 0.43656 0.43987 0.4156 0.44794 0.45313 0.4296 0.40516 0.3638 0.39347 0.42462 0.416 0.42132 0.44076 0.42139 0.42335 0.42379 0.41987 0.43844 0.43013 0.442 0.44335 0.44978 0.45031 0.45444 0.44624 0.43175 0.4227 
out: 0.44192 0.42184 0.41163 0.42376 0.41648 
in: 0.38194 0.38095 0.43656 0.43987 0.4156 0.44794 0.45313 0.4296 0.40516 0.3638 0.39347 0.42462 0.416 0.42132 0.44076 0.42139 0.42335 0.42379 0.41987 0.43844 0.43013 0.442 0.44335 0.44978 0.45031 0.45444 0.44624 0.43175 0.4227 0.44192 
out: 0.42184 0.41163 0.42376 0.41648 0.40996 
in: 0.38095 0.43656 0.43987 0.4156 0.44794 0.45313 0.4296 0.40516 0.3638 0.39347 0.42462 0.416 0.42132 0.44076 0.42139 0.42335 0.42379 0.41987 0.43844 0.43013 0.442 0.44335 0.44978 0.45031 0.45444 0.44624 0.43175 0.4227 0.44192 0.42184 
out: 0.41163 0.42376 0.41648 0.40996 0.4069 
in: 0.43656 0.43987 0.4156 0.44794 0.45313 0.4296 0.40516 0.3638 0.39347 0.42462 0.416 0.42132 0.44076 0.42139 0.42335 0.42379 0.41987 0.43844 0.43013 0.442 0.44335 0.44978 0.45031 0.45444 0.44624 0.43175 0.4227 0.44192 0.42184 0.41163 
out: 0.42376 0.41648 0.40996 0.4069 0.394 
in: 0.43987 0.4156 0.44794 0.45313 0.4296 0.40516 0.3638 0.39347 0.42462 0.416 0.42132 0.44076 0.42139 0.42335 0.42379 0.41987 0.43844 0.43013 0.442 0.44335 0.44978 0.45031 0.45444 0.44624 0.43175 0.4227 0.44192 0.42184 0.41163 0.42376 
out: 0.41648 0.40996 0.4069 0.394 0.40973 
in: 0.4156 0.44794 0.45313 0.4296 0.40516 0.3638 0.39347 0.42462 0.416 0.42132 0.44076 0.42139 0.42335 0.42379 0.41987 0.43844 0.43013 0.442 0.44335 0.44978 0.45031 0.45444 0.44624 0.43175 0.4227 0.44192 0.42184 0.41163 0.42376 0.41648 
out: 0.40996 0.4069 0.394 0.40973 0.43062 
in: 0.44794 0.45313 0.4296 0.40516 0.3638 0.39347 0.42462 0.416 0.42132 0.44076 0.42139 0.42335 0.42379 0.41987 0.43844 0.43013 0.442 0.44335 0.44978 0.45031 0.45444 0.44624 0.43175 0.4227 0.44192 0.42184 0.41163 0.42376 0.41648 0.40996 
out: 0.4069 0.394 0.40973 0.43062 0.4283 
in: 0.45313 0.4296 0.40516 0.3638 0.39347 0.42462 0.416 0.42132 0.44076 0.42139 0.42335 0.42379 0.41987 0.43844 0.43013 0.442 0.44335 0.44978 0.45031 0.45444 0.44624 0.43175 0.4227 0.44192 0.42184 0.41163 0.42376 0.41648 0.40996 0.4069 
out: 0.394 0.40973 0.43062 0.4283 0.4361 
in: 0.4296 0.40516 0.3638 0.39347 0.42462 0.416 0.42132 0.44076 0.42139 0.42335 0.42379 0.41987 0.43844 0.43013 0.442 0.44335 0.44978 0.45031 0.45444 0.44624 0.43175 0.4227 0.44192 0.42184 0.41163 0.42376 0.41648 0.40996 0.4069 0.394 
out: 0.40973 0.43062 0.4283 0.4361 0.4395 
in: 0.40516 0.3638 0.39347 0.42462 0.416 0.42132 0.44076 0.42139 0.42335 0.42379 0.41987 0.43844 0.43013 0.442 0.44335 0.44978 0.45031 0.45444 0.44624 0.43175 0.4227 0.44192 0.42184 0.41163 0.42376 0.41648 0.40996 0.4069 0.394 0.40973 
out: 0.43062 0.4283 0.4361 0.4395 0.42009 
in: 0.3638 0.39347 0.42462 0.416 0.42132 0.44076 0.42139 0.42335 0.42379 0.41987 0.43844 0.43013 0.442 0.44335 0.44978 0.45031 0.45444 0.44624 0.43175 0.4227 0.44192 0.42184 0.41163 0.42376 0.41648 0.40996 0.4069 0.394 0.40973 0.43062 
out: 0.4283 0.4361 0.4395 0.42009 0.41645 
in: 0.39347 0.42462 0.416 0.42132 0.44076 0.42139 0.42335 0.42379 0.41987 0.43844 0.43013 0.442 0.44335 0.44978 0.45031 0.45444 0.44624 0.43175 0.4227 0.44192 0.42184 0.41163 0.42376 0.41648 0.40996 0.4069 0.394 0.40973 0.43062 0.4283 
out: 0.4361 0.4395 0.42009 0.41645 0.41505 
in: 0.42462 0.416 0.42132 0.44076 0.42139 0.42335 0.42379 0.41987 0.43844 0.43013 0.442 0.44335 0.44978 0.45031 0.45444 0.44624 0.43175 0.4227 0.44192 0.42184 0.41163 0.42376 0.41648 0.40996 0.4069 0.394 0.40973 0.43062 0.4283 0.4361 
out: 0.4395 0.42009 0.41645 0.41505 0.41085 
in: 0.416 0.42132 0.44076 0.42139 0.42335 0.42379 0.41987 0.43844 0.43013 0.442 0.44335 0.44978 0.45031 0.45444 0.44624 0.43175 0.4227 0.44192 0.42184 0.41163 0.42376 0.41648 0.40996 0.4069 0.394 0.40973 0.43062 0.4283 0.4361 0.4395 
out: 0.42009 0.41645 0.41505 0.41085 0.40893 
in: 0.42132 0.44076 0.42139 0.42335 0.42379 0.41987 0.43844 0.43013 0.442 0.44335 0.44978 0.45031 0.45444 0.44624 0.43175 0.4227 0.44192 0.42184 0.41163 0.42376 0.41648 0.40996 0.4069 0.394 0.40973 0.43062 0.4283 0.4361 0.4395 0.42009 
out: 0.41645 0.41505 0.41085 0.40893 0.46017 
in: 0.44076 0.42139 0.42335 0.42379 0.41987 0.43844 0.43013 0.442 0.44335 0.44978 0.45031 0.45444 0.44624 0.43175 0.4227 0.44192 0.42184 0.41163 0.42376 0.41648 0.40996 0.4069 0.394 0.40973 0.43062 0.4283 0.4361 0.4395 0.42009 0.41645 
out: 0.41505 0.41085 0.40893 0.46017 0.44835 
in: 0.42139 0.42335 0.42379 0.41987 0.43844 0.43013 0.442 0.44335 0.44978 0.45031 0.45444 0.44624 0.43175 0.4227 0.44192 0.42184 0.41163 0.42376 0.41648 0.40996 0.4069 0.394 0.40973 0.43062 0.4283 0.4361 0.4395 0.42009 0.41645 0.41505 
out: 0.41085 0.40893 0.46017 0.44835 0.492 
in: 0.42335 0.42379 0.41987 0.43844 0.43013 0.442 0.44335 0.44978 0.45031 0.45444 0.44624 0.43175 0.4227 0.44192 0.42184 0.41163 0.42376 0.41648 0.40996 0.4069 0.394 0.40973 0.43062 0.4283 0.4361 0.4395 0.42009 0.41645 0.41505 0.41085 
out: 0.40893 0.46017 0.44835 0.492 0.49799 
in: 0.42379 0.41987 0.43844 0.43013 0.442 0.44335 0.44978 0.45031 0.45444 0.44624 0.43175 0.4227 0.44192 0.42184 0.41163 0.42376 0.41648 0.40996 0.4069 0.394 0.40973 0.43062 0.4283 0.4361 0.4395 0.42009 0.41645 0.41505 0.41085 0.40893 
out: 0.46017 0.44835 0.492 0.49799 0.5035 
in: 0.41987 0.43844 0.43013 0.442 0.44335 0.44978 0.45031 0.45444 0.44624 0.43175 0.4227 0.44192 0.42184 0.41163 0.42376 0.41648 0.40996 0.4069 0.394 0.40973 0.43062 0.4283 0.4361 0.4395 0.42009 0.41645 0.41505 0.41085 0.40893 0.46017 
out: 0.44835 0.492 0.49799 0.5035 0.5404 
in: 0.43844 0.43013 0.442 0.44335 0.44978 0.45031 0.45444 0.44624 0.43175 0.4227 0.44192 0.42184 0.41163 0.42376 0.41648 0.40996 0.4069 0.394 0.40973 0.43062 0.4283 0.4361 0.4395 0.42009 0.41645 0.41505 0.41085 0.40893 0.46017 0.44835 
out: 0.492 0.49799 0.5035 0.5404 0.55006 
in: 0.43013 0.442 0.44335 0.44978 0.45031 0.45444 0.44624 0.43175 0.4227 0.44192 0.42184 0.41163 0.42376 0.41648 0.40996 0.4069 0.394 0.40973 0.43062 0.4283 0.4361 0.4395 0.42009 0.41645 0.41505 0.41085 0.40893 0.46017 0.44835 0.492 
out: 0.49799 0.5035 0.5404 0.55006 0.58116 
in: 0.442 0.44335 0.44978 0.45031 0.45444 0.44624 0.43175 0.4227 0.44192 0.42184 0.41163 0.42376 0.41648 0.40996 0.4069 0.394 0.40973 0.43062 0.4283 0.4361 0.4395 0.42009 0.41645 0.41505 0.41085 0.40893 0.46017 0.44835 0.492 0.49799 
out: 0.5035 0.5404 0.55006 0.58116 0.60221 
in: 0.44335 0.44978 0.45031 0.45444 0.44624 0.43175 0.4227 0.44192 0.42184 0.41163 0.42376 0.41648 0.40996 0.4069 0.394 0.40973 0.43062 0.4283 0.4361 0.4395 0.42009 0.41645 0.41505 0.41085 0.40893 0.46017 0.44835 0.492 0.49799 0.5035 
out: 0.5404 0.55006 0.58116 0.60221 0.59759 
in: 0.44978 0.45031 0.45444 0.44624 0.43175 0.4227 0.44192 0.42184 0.41163 0.42376 0.41648 0.40996 0.4069 0.394 0.40973 0.43062 0.4283 0.4361 0.4395 0.42009 0.41645 0.41505 0.41085 0.40893 0.46017 0.44835 0.492 0.49799 0.5035 0.5404 
out: 0.55006 0.58116 0.60221 0.59759 0.55644 
in: 0.45031 0.45444 0.44624 0.43175 0.4227 0.44192 0.42184 0.41163 0.42376 0.41648 0.40996 0.4069 0.394 0.40973 0.43062 0.4283 0.4361 0.4395 0.42009 0.41645 0.41505 0.41085 0.40893 0.46017 0.44835 0.492 0.49799 0.5035 0.5404 0.55006 
out: 0.58116 0.60221 0.59759 0.55644 0.59002 
in: 0.45444 0.44624 0.43175 0.4227 0.44192 0.42184 0.41163 0.42376 0.41648 0.40996 0.4069 0.394 0.40973 0.43062 0.4283 0.4361 0.4395 0.42009 0.41645 0.41505 0.41085 0.40893 0.46017 0.44835 0.492 0.49799 0.5035 0.5404 0.55006 0.58116 
out: 0.60221 0.59759 0.55644 0.59002 0.59101 
in: 0.44624 0.43175 0.4227 0.44192 0.42184 0.41163 0.42376 0.41648 0.40996 0.4069 0.394 0.40973 0.43062 0.4283 0.4361 0.4395 0.42009 0.41645 0.41505 0.41085 0.40893 0.46017 0.44835 0.492 0.49799 0.5035 0.5404 0.55006 0.58116 0.60221 
out: 0.59759 0.55644 0.59002 0.59101 0.60492 
in: 0.43175 0.4227 0.44192 0.42184 0.41163 0.42376 0.41648 0.40996 0.4069 0.394 0.40973 0.43062 0.4283 0.4361 0.4395 0.42009 0.41645 0.41505 0.41085 0.40893 0.46017 0.44835 0.492 0.49799 0.5035 0.5404 0.55006 0.58116 0.60221 0.59759 
out: 0.55644 0.59002 0.59101 0.60492 0.62551 
in: 0.4227 0.44192 0.42184 0.41163 0.42376 0.41648 0.40996 0.4069 0.394 0.40973 0.43062 0.4283 0.4361 0.4395 0.42009 0.41645 0.41505 0.41085 0.40893 0.46017 0.44835 0.492 0.49799 0.5035 0.5404 0.55006 0.58116 0.60221 0.59759 0.55644 
out: 0.59002 0.59101 0.60492 0.62551 0.65369 
in: 0.44192 0.42184 0.41163 0.42376 0.41648 0.40996 0.4069 0.394 0.40973 0.43062 0.4283 0.4361 0.4395 0.42009 0.41645 0.41505 0.41085 0.40893 0.46017 0.44835 0.492 0.49799 0.5035 0.5404 0.55006 0.58116 0.60221 0.59759 0.55644 0.59002 
out: 0.59101 0.60492 0.62551 0.65369 0.57437 
in: 0.42184 0.41163 0.42376 0.41648 0.40996 0.4069 0.394 0.40973 0.43062 0.4283 0.4361 0.4395 0.42009 0.41645 0.41505 0.41085 0.40893 0.46017 0.44835 0.492 0.49799 0.5035 0.5404 0.55006 0.58116 0.60221 0.59759 0.55644 0.59002 0.59101 
out: 0.60492 0.62551 0.65369 0.57437 0.61501 
in: 0.41163 0.42376 0.41648 0.40996 0.4069 0.394 0.40973 0.43062 0.4283 0.4361 0.4395 0.42009 0.41645 0.41505 0.41085 0.40893 0.46017 0.44835 0.492 0.49799 0.5035 0.5404 0.55006 0.58116 0.60221 0.59759 0.55644 0.59002 0.59101 0.60492 
out: 0.62551 0.65369 0.57437 0.61501 0.619 
in: 0.42376 0.41648 0.40996 0.4069 0.394 0.40973 0.43062 0.4283 0.4361 0.4395 0.42009 0.41645 0.41505 0.41085 0.40893 0.46017 0.44835 0.492 0.49799 0.5035 0.5404 0.55006 0.58116 0.60221 0.59759 0.55644 0.59002 0.59101 0.60492 0.62551 
out: 0.65369 0.57437 0.61501 0.619 0.64328 
in: 0.41648 0.40996 0.4069 0.394 0.40973 0.43062 0.4283 0.4361 0.4395 0.42009 0.41645 0.41505 0.41085 0.40893 0.46017 0.44835 0.492 0.49799 0.5035 0.5404 0.55006 0.58116 0.60221 0.59759 0.55644 0.59002 0.59101 0.60492 0.62551 0.65369 
out: 0.57437 0.61501 0.619 0.64328 0.62823 
in: 0.40996 0.4069 0.394 0.40973 0.43062 0.4283 0.4361 0.4395 0.42009 0.41645 0.41505 0.41085 0.40893 0.46017 0.44835 0.492 0.49799 0.5035 0.5404 0.55006 0.58116 0.60221 0.59759 0.55644 0.59002 0.59101 0.60492 0.62551 0.65369 0.57437 
out: 0.61501 0.619 0.64328 0.62823 0.62819 
in: 0.4069 0.394 0.40973 0.43062 0.4283 0.4361 0.4395 0.42009 0.41645 0.41505 0.41085 0.40893 0.46017 0.44835 0.492 0.49799 0.5035 0.5404 0.55006 0.58116 0.60221 0.59759 0.55644 0.59002 0.59101 0.60492 0.62551 0.65369 0.57437 0.61501 
out: 0.619 0.64328 0.62823 0.62819 0.6689 
in: 0.394 0.40973 0.43062 0.4283 0.4361 0.4395 0.42009 0.41645 0.41505 0.41085 0.40893 0.46017 0.44835 0.492 0.49799 0.5035 0.5404 0.55006 0.58116 0.60221 0.59759 0.55644 0.59002 0.59101 0.60492 0.62551 0.65369 0.57437 0.61501 0.619 
out: 0.64328 0.62823 0.62819 0.6689 0.66624 
in: 0.40973 0.43062 0.4283 0.4361 0.4395 0.42009 0.41645 0.41505 0.41085 0.40893 0.46017 0.44835 0.492 0.49799 0.5035 0.5404 0.55006 0.58116 0.60221 0.59759 0.55644 0.59002 0.59101 0.60492 0.62551 0.65369 0.57437 0.61501 0.619 0.64328 
out: 0.62823 0.62819 0.6689 0.66624 0.648 
in: 0.43062 0.4283 0.4361 0.4395 0.42009 0.41645 0.41505 0.41085 0.40893 0.46017 0.44835 0.492 0.49799 0.5035 0.5404 0.55006 0.58116 0.60221 0.59759 0.55644 0.59002 0.59101 0.60492 0.62551 0.65369 0.57437 0.61501 0.619 0.64328 0.62823 
out: 0.62819 0.6689 0.66624 0.648 0.6322 
in: 0.4283 0.4361 0.4395 0.42009 0.41645 0.41505 0.41085 0.40893 0.46017 0.44835 0.492 0.49799 0.5035 0.5404 0.55006 0.58116 0.60221 0.59759 0.55644 0.59002 0.59101 0.60492 0.62551 0.65369 0.57437 0.61501 0.619 0.64328 0.62823 0.62819 
out: 0.6689 0.66624 0.648 0.6322 0.64299 
in: 0.4361 0.4395 0.42009 0.41645 0.41505 0.41085 0.40893 0.46017 0.44835 0.492 0.49799 0.5035 0.5404 0.55006 0.58116 0.60221 0.59759 0.55644 0.59002 0.59101 0.60492 0.62551 0.65369 0.57437 0.61501 0.619 0.64328 0.62823 0.62819 0.6689 
out: 0.66624 0.648 0.6322 0.64299 0.67451 
in: 0.4395 0.42009 0.41645 0.41505 0.41085 0.40893 0.46017 0.44835 0.492 0.49799 0.5035 0.5404 0.55006 0.58116 0.60221 0.59759 0.55644 0.59002 0.59101 0.60492 0.62551 0.65369 0.57437 0.61501 0.619 0.64328 0.62823 0.62819 0.6689 0.66624 
out: 0.648 0.6322 0.64299 0.67451 0.661 
in: 0.42009 0.41645 0.41505 0.41085 0.40893 0.46017 0.44835 0.492 0.49799 0.5035 0.5404 0.55006 0.58116 0.60221 0.59759 0.55644 0.59002 0.59101 0.60492 0.62551 0.65369 0.57437 0.61501 0.619 0.64328 0.62823 0.62819 0.6689 0.66624 0.648 
out: 0.6322 0.64299 0.67451 0.661 0.672 
in: 0.41645 0.41505 0.41085 0.40893 0.46017 0.44835 0.492 0.49799 0.5035 0.5404 0.55006 0.58116 0.60221 0.59759 0.55644 0.59002 0.59101 0.60492 0.62551 0.65369 0.57437 0.61501 0.619 0.64328 0.62823 0.62819 0.6689 0.66624 0.648 0.6322 
out: 0.64299 0.67451 0.661 0.672 0.69999 
in: 0.41505 0.41085 0.40893 0.46017 0.44835 0.492 0.49799 0.5035 0.5404 0.55006 0.58116 0.60221 0.59759 0.55644 0.59002 0.59101 0.60492 0.62551 0.65369 0.57437 0.61501 0.619 0.64328 0.62823 0.62819 0.6689 0.66624 0.648 0.6322 0.64299 
out: 0.67451 0.661 0.672 0.69999 0.71946 
in: 0.41085 0.40893 0.46017 0.44835 0.492 0.49799 0.5035 0.5404 0.55006 0.58116 0.60221 0.59759 0.55644 0.59002 0.59101 0.60492 0.62551 0.65369 0.57437 0.61501 0.619 0.64328 0.62823 0.62819 0.6689 0.66624 0.648 0.6322 0.64299 0.67451 
out: 0.661 0.672 0.69999 0.71946 0.72366 
in: 0.40893 0.46017 0.44835 0.492 0.49799 0.5035 0.5404 0.55006 0.58116 0.60221 0.59759 0.55644 0.59002 0.59101 0.60492 0.62551 0.65369 0.57437 0.61501 0.619 0.64328 0.62823 0.62819 0.6689 0.66624 0.648 0.6322 0.64299 0.67451 0.661 
out: 0.672 0.69999 0.71946 0.72366 0.75849 
in: 0.46017 0.44835 0.492 0.49799 0.5035 0.5404 0.55006 0.58116 0.60221 0.59759 0.55644 0.59002 0.59101 0.60492 0.62551 0.65369 0.57437 0.61501 0.619 0.64328 0.62823 0.62819 0.6689 0.66624 0.648 0.6322 0.64299 0.67451 0.661 0.672 
out: 0.69999 0.71946 0.72366 0.75849 0.77763 
in: 0.44835 0.492 0.49799 0.5035 0.5404 0.55006 0.58116 0.60221 0.59759 0.55644 0.59002 0.59101 0.60492 0.62551 0.65369 0.57437 0.61501 0.619 0.64328 0.62823 0.62819 0.6689 0.66624 0.648 0.6322 0.64299 0.67451 0.661 0.672 0.69999 
out: 0.71946 0.72366 0.75849 0.77763 0.856 
in: 0.492 0.49799 0.5035 0.5404 0.55006 0.58116 0.60221 0.59759 0.55644 0.59002 0.59101 0.60492 0.62551 0.65369 0.57437 0.61501 0.619 0.64328 0.62823 0.62819 0.6689 0.66624 0.648 0.6322 0.64299 0.67451 0.661 0.672 0.69999 0.71946 
out: 0.72366 0.75849 0.77763 0.856 0.8494 
in: 0.49799 0.5035 0.5404 0.55006 0.58116 0.60221 0.59759 0.55644 0.59002 0.59101 0.60492 0.62551 0.65369 0.57437 0.61501 0.619 0.64328 0.62823 0.62819 0.6689 0.66624 0.648 0.6322 0.64299 0.67451 0.661 0.672 0.69999 0.71946 0.72366 
out: 0.75849 0.77763 0.856 0.8494 0.831 
in: 0.5035 0.5404 0.55006 0.58116 0.60221 0.59759 0.55644 0.59002 0.59101 0.60492 0.62551 0.65369 0.57437 0.61501 0.619 0.64328 0.62823 0.62819 0.6689 0.66624 0.648 0.6322 0.64299 0.67451 0.661 0.672 0.69999 0.71946 0.72366 0.75849 
out: 0.77763 0.856 0.8494 0.831 0.85276 
in: 0.5404 0.55006 0.58116 0.60221 0.59759 0.55644 0.59002 0.59101 0.60492 0.62551 0.65369 0.57437 0.61501 0.619 0.64328 0.62823 0.62819 0.6689 0.66624 0.648 0.6322 0.64299 0.67451 0.661 0.672 0.69999 0.71946 0.72366 0.75849 0.77763 
out: 0.856 0.8494 0.831 0.85276 0.84339 
in: 0.55006 0.58116 0.60221 0.59759 0.55644 0.59002 0.59101 0.60492 0.62551 0.65369 0.57437 0.61501 0.619 0.64328 0.62823 0.62819 0.6689 0.66624 0.648 0.6322 0.64299 0.67451 0.661 0.672 0.69999 0.71946 0.72366 0.75849 0.77763 0.856 
out: 0.8494 0.831 0.85276 0.84339 0.852 
in: 0.58116 0.60221 0.59759 0.55644 0.59002 0.59101 0.60492 0.62551 0.65369 0.57437 0.61501 0.619 0.64328 0.62823 0.62819 0.6689 0.66624 0.648 0.6322 0.64299 0.67451 0.661 0.672 0.69999 0.71946 0.72366 0.75849 0.77763 0.856 0.8494 
out: 0.831 0.85276 0.84339 0.852 0.8378 
in: 0.60221 0.59759 0.55644 0.59002 0.59101 0.60492 0.62551 0.65369 0.57437 0.61501 0.619 0.64328 0.62823 0.62819 0.6689 0.66624 0.648 0.6322 0.64299 0.67451 0.661 0.672 0.69999 0.71946 0.72366 0.75849 0.77763 0.856 0.8494 0.831 
out: 0.85276 0.84339 0.852 0.8378 0.85874 
in: 0.59759 0.55644 0.59002 0.59101 0.60492 0.62551 0.65369 0.57437 0.61501 0.619 0.64328 0.62823 0.62819 0.6689 0.66624 0.648 0.6322 0.64299 0.67451 0.661 0.672 0.69999 0.71946 0.72366 0.75849 0.77763 0.856 0.8494 0.831 0.85276 
out: 0.84339 0.852 0.8378 0.85874 0.855 
in: 0.55644 0.59002 0.59101 0.60492 0.62551 0.65369 0.57437 0.61501 0.619 0.64328 0.62823 0.62819 0.6689 0.66624 0.648 0.6322 0.64299 0.67451 0.661 0.672 0.69999 0.71946 0.72366 0.75849 0.77763 0.856 0.8494 0.831 0.85276 0.84339 
out: 0.852 0.8378 0.85874 0.855 0.83431 
in: 0.59002 0.59101 0.60492 0.62551 0.65369 0.57437 0.61501 0.619 0.64328 0.62823 0.62819 0.6689 0.66624 0.648 0.6322 0.64299 0.67451 0.661 0.672 0.69999 0.71946 0.72366 0.75849 0.77763 0.856 0.8494 0.831 0.85276 0.84339 0.852 
out: 0.8378 0.85874 0.855 0.83431 0.855 
in: 0.59101 0.60492 0.62551 0.65369 0.57437 0.61501 0.619 0.64328 0.62823 0.62819 0.6689 0.66624 0.648 0.6322 0.64299 0.67451 0.661 0.672 0.69999 0.71946 0.72366 0.75849 0.77763 0.856 0.8494 0.831 0.85276 0.84339 0.852 0.8378 
out: 0.85874 0.855 0.83431 0.855 0.89138 
in: 0.60492 0.62551 0.65369 0.57437 0.61501 0.619 0.64328 0.62823 0.62819 0.6689 0.66624 0.648 0.6322 0.64299 0.67451 0.661 0.672 0.69999 0.71946 0.72366 0.75849 0.77763 0.856 0.8494 0.831 0.85276 0.84339 0.852 0.8378 0.85874 
out: 0.855 0.83431 0.855 0.89138 0.87035 
in: 0.62551 0.65369 0.57437 0.61501 0.619 0.64328 0.62823 0.62819 0.6689 0.66624 0.648 0.6322 0.64299 0.67451 0.661 0.672 0.69999 0.71946 0.72366 0.75849 0.77763 0.856 0.8494 0.831 0.85276 0.84339 0.852 0.8378 0.85874 0.855 
out: 0.83431 0.855 0.89138 0.87035 0.82 
in: 0.65369 0.57437 0.61501 0.619 0.64328 0.62823 0.62819 0.6689 0.66624 0.648 0.6322 0.64299 0.67451 0.661 0.672 0.69999 0.71946 0.72366 0.75849 0.77763 0.856 0.8494 0.831 0.85276 0.84339 0.852 0.8378 0.85874 0.855 0.83431 
out: 0.855 0.89138 0.87035 0.82 0.83 
in: 0.57437 0.61501 0.619 0.64328 0.62823 0.62819 0.6689 0.66624 0.648 0.6322 0.64299 0.67451 0.661 0.672 0.69999 0.71946 0.72366 0.75849 0.77763 0.856 0.8494 0.831 0.85276 0.84339 0.852 0.8378 0.85874 0.855 0.83431 0.855 
out: 0.89138 0.87035 0.82 0.83 0.81429 
in: 0.61501 0.619 0.64328 0.62823 0.62819 0.6689 0.66624 0.648 0.6322 0.64299 0.67451 0.661 0.672 0.69999 0.71946 0.72366 0.75849 0.77763 0.856 0.8494 0.831 0.85276 0.84339 0.852 0.8378 0.85874 0.855 0.83431 0.855 0.89138 
out: 0.87035 0.82 0.83 0.81429 0.84468 
in: 0.619 0.64328 0.62823 0.62819 0.6689 0.66624 0.648 0.6322 0.64299 0.67451 0.661 0.672 0.69999 0.71946 0.72366 0.75849 0.77763 0.856 0.8494 0.831 0.85276 0.84339 0.852 0.8378 0.85874 0.855 0.83431 0.855 0.89138 0.87035 
out: 0.82 0.83 0.81429 0.84468 0.87702 
in: 0.64328 0.62823 0.62819 0.6689 0.66624 0.648 0.6322 0.64299 0.67451 0.661 0.672 0.69999 0.71946 0.72366 0.75849 0.77763 0.856 0.8494 0.831 0.85276 0.84339 0.852 0.8378 0.85874 0.855 0.83431 0.855 0.89138 0.87035 0.82 
out: 0.83 0.81429 0.84468 0.87702 0.855 
in: 0.62823 0.62819 0.6689 0.66624 0.648 0.6322 0.64299 0.67451 0.661 0.672 0.69999 0.71946 0.72366 0.75849 0.77763 0.856 0.8494 0.831 0.85276 0.84339 0.852 0.8378 0.85874 0.855 0.83431 0.855 0.89138 0.87035 0.82 0.83 
out: 0.81429 0.84468 0.87702 0.855 0.845 
in: 0.62819 0.6689 0.66624 0.648 0.6322 0.64299 0.67451 0.661 0.672 0.69999 0.71946 0.72366 0.75849 0.77763 0.856 0.8494 0.831 0.85276 0.84339 0.852 0.8378 0.85874 0.855 0.83431 0.855 0.89138 0.87035 0.82 0.83 0.81429 
out: 0.84468 0.87702 0.855 0.845 0.86967 
in: 0.6689 0.66624 0.648 0.6322 0.64299 0.67451 0.661 0.672 0.69999 0.71946 0.72366 0.75849 0.77763 0.856 0.8494 0.831 0.85276 0.84339 0.852 0.8378 0.85874 0.855 0.83431 0.855 0.89138 0.87035 0.82 0.83 0.81429 0.84468 
out: 0.87702 0.855 0.845 0.86967 0.85512 
in: 0.66624 0.648 0.6322 0.64299 0.67451 0.661 0.672 0.69999 0.71946 0.72366 0.75849 0.77763 0.856 0.8494 0.831 0.85276 0.84339 0.852 0.8378 0.85874 0.855 0.83431 0.855 0.89138 0.87035 0.82 0.83 0.81429 0.84468 0.87702 
out: 0.855 0.845 0.86967 0.85512 0.84364 
in: 0.648 0.6322 0.64299 0.67451 0.661 0.672 0.69999 0.71946 0.72366 0.75849 0.77763 0.856 0.8494 0.831 0.85276 0.84339 0.852 0.8378 0.85874 0.855 0.83431 0.855 0.89138 0.87035 0.82 0.83 0.81429 0.84468 0.87702 0.855 
out: 0.845 0.86967 0.85512 0.84364 0.81244 
in: 0.6322 0.64299 0.67451 0.661 0.672 0.69999 0.71946 0.72366 0.75849 0.77763 0.856 0.8494 0.831 0.85276 0.84339 0.852 0.8378 0.85874 0.855 0.83431 0.855 0.89138 0.87035 0.82 0.83 0.81429 0.84468 0.87702 0.855 0.845 
out: 0.86967 0.85512 0.84364 0.81244 0.80126 
in: 0.64299 0.67451 0.661 0.672 0.69999 0.71946 0.72366 0.75849 0.77763 0.856 0.8494 0.831 0.85276 0.84339 0.852 0.8378 0.85874 0.855 0.83431 0.855 0.89138 0.87035 0.82 0.83 0.81429 0.84468 0.87702 0.855 0.845 0.86967 
out: 0.85512 0.84364 0.81244 0.80126 0.818 
in: 0.67451 0.661 0.672 0.69999 0.71946 0.72366 0.75849 0.77763 0.856 0.8494 0.831 0.85276 0.84339 0.852 0.8378 0.85874 0.855 0.83431 0.855 0.89138 0.87035 0.82 0.83 0.81429 0.84468 0.87702 0.855 0.845 0.86967 0.85512 
out: 0.84364 0.81244 0.80126 0.818 0.77909 
in: 0.661 0.672 0.69999 0.71946 0.72366 0.75849 0.77763 0.856 0.8494 0.831 0.85276 0.84339 0.852 0.8378 0.85874 0.855 0.83431 0.855 0.89138 0.87035 0.82 0.83 0.81429 0.84468 0.87702 0.855 0.845 0.86967 0.85512 0.84364 
out: 0.81244 0.80126 0.818 0.77909 0.7809 
in: 0.672 0.69999 0.71946 0.72366 0.75849 0.77763 0.856 0.8494 0.831 0.85276 0.84339 0.852 0.8378 0.85874 0.855 0.83431 0.855 0.89138 0.87035 0.82 0.83 0.81429 0.84468 0.87702 0.855 0.845 0.86967 0.85512 0.84364 0.81244 
out: 0.80126 0.818 0.77909 0.7809 0.795 
in: 0.69999 0.71946 0.72366 0.75849 0.77763 0.856 0.8494 0.831 0.85276 0.84339 0.852 0.8378 0.85874 0.855 0.83431 0.855 0.89138 0.87035 0.82 0.83 0.81429 0.84468 0.87702 0.855 0.845 0.86967 0.85512 0.84364 0.81244 0.80126 
out: 0.818 0.77909 0.7809 0.795 0.76264 
in: 0.71946 0.72366 0.75849 0.77763 0.856 0.8494 0.831 0.85276 0.84339 0.852 0.8378 0.85874 0.855 0.83431 0.855 0.89138 0.87035 0.82 0.83 0.81429 0.84468 0.87702 0.855 0.845 0.86967 0.85512 0.84364 0.81244 0.80126 0.818 
out: 0.77909 0.7809 0.795 0.76264 0.66213 
in: 0.72366 0.75849 0.77763 0.856 0.8494 0.831 0.85276 0.84339 0.852 0.8378 0.85874 0.855 0.83431 0.855 0.89138 0.87035 0.82 0.83 0.81429 0.84468 0.87702 0.855 0.845 0.86967 0.85512 0.84364 0.81244 0.80126 0.818 0.77909 
out: 0.7809 0.795 0.76264 0.66213 0.71185 
in: 0.75849 0.77763 0.856 0.8494 0.831 0.85276 0.84339 0.852 0.8378 0.85874 0.855 0.83431 0.855 0.89138 0.87035 0.82 0.83 0.81429 0.84468 0.87702 0.855 0.845 0.86967 0.85512 0.84364 0.81244 0.80126 0.818 0.77909 0.7809 
out: 0.795 0.76264 0.66213 0.71185 0.72615 
in: 0.77763 0.856 0.8494 0.831 0.85276 0.84339 0.852 0.8378 0.85874 0.855 0.83431 0.855 0.89138 0.87035 0.82 0.83 0.81429 0.84468 0.87702 0.855 0.845 0.86967 0.85512 0.84364 0.81244 0.80126 0.818 0.77909 0.7809 0.795 
out: 0.76264 0.66213 0.71185 0.72615 0.7 
in: 0.856 0.8494 0.831 0.85276 0.84339 0.852 0.8378 0.85874 0.855 0.83431 0.855 0.89138 0.87035 0.82 0.83 0.81429 0.84468 0.87702 0.855 0.845 0.86967 0.85512 0.84364 0.81244 0.80126 0.818 0.77909 0.7809 0.795 0.76264 
out: 0.66213 0.71185 0.72615 0.7 0.69011 
in: 0.8494 0.831 0.85276 0.84339 0.852 0.8378 0.85874 0.855 0.83431 0.855 0.89138 0.87035 0.82 0.83 0.81429 0.84468 0.87702 0.855 0.845 0.86967 0.85512 0.84364 0.81244 0.80126 0.818 0.77909 0.7809 0.795 0.76264 0.66213 
out: 0.71185 0.72615 0.7 0.69011 0.71828 
in: 0.831 0.85276 0.84339 0.852 0.8378 0.85874 0.855 0.83431 0.855 0.89138 0.87035 0.82 0.83 0.81429 0.84468 0.87702 0.855 0.845 0.86967 0.85512 0.84364 0.81244 0.80126 0.818 0.77909 0.7809 0.795 0.76264 0.66213 0.71185 
out: 0.72615 0.7 0.69011 0.71828 0.68799 
in: 0.85276 0.84339 0.852 0.8378 0.85874 0.855 0.83431 0.855 0.89138 0.87035 0.82 0.83 0.81429 0.84468 0.87702 0.855 0.845 0.86967 0.85512 0.84364 0.81244 0.80126 0.818 0.77909 0.7809 0.795 0.76264 0.66213 0.71185 0.72615 
out: 0.7 0.69011 0.71828 0.68799 0.6558 
in: 0.84339 0.852 0.8378 0.85874 0.855 0.83431 0.855 0.89138 0.87035 0.82 0.83 0.81429 0.84468 0.87702 0.855 0.845 0.86967 0.85512 0.84364 0.81244 0.80126 0.818 0.77909 0.7809 0.795 0.76264 0.66213 0.71185 0.72615 0.7 
out: 0.69011 0.71828 0.68799 0.6558 0.62606 
in: 0.852 0.8378 0.85874 0.855 0.83431 0.855 0.89138 0.87035 0.82 0.83 0.81429 0.84468 0.87702 0.855 0.845 0.86967 0.85512 0.84364 0.81244 0.80126 0.818 0.77909 0.7809 0.795 0.76264 0.66213 0.71185 0.72615 0.7 0.69011 
out: 0.71828 0.68799 0.6558 0.62606 0.60055 
in: 0.8378 0.85874 0.855 0.83431 0.855 0.89138 0.87035 0.82 0.83 0.81429 0.84468 0.87702 0.855 0.845 0.86967 0.85512 0.84364 0.81244 0.80126 0.818 0.77909 0.7809 0.795 0.76264 0.66213 0.71185 0.72615 0.7 0.69011 0.71828 
out: 0.68799 0.6558 0.62606 0.60055 0.60818 
in: 0.85874 0.855 0.83431 0.855 0.89138 0.87035 0.82 0.83 0.81429 0.84468 0.87702 0.855 0.845 0.86967 0.85512 0.84364 0.81244 0.80126 0.818 0.77909 0.7809 0.795 0.76264 0.66213 0.71185 0.72615 0.7 0.69011 0.71828 0.68799 
out: 0.6558 0.62606 0.60055 0.60818 0.7003 
in: 0.855 0.83431 0.855 0.89138 0.87035 0.82 0.83 0.81429 0.84468 0.87702 0.855 0.845 0.86967 0.85512 0.84364 0.81244 0.80126 0.818 0.77909 0.7809 0.795 0.76264 0.66213 0.71185 0.72615 0.7 0.69011 0.71828 0.68799 0.6558 
out: 0.62606 0.60055 0.60818 0.7003 0.6994 
in: 0.83431 0.855 0.89138 0.87035 0.82 0.83 0.81429 0.84468 0.87702 0.855 0.845 0.86967 0.85512 0.84364 0.81244 0.80126 0.818 0.77909 0.7809 0.795 0.76264 0.66213 0.71185 0.72615 0.7 0.69011 0.71828 0.68799 0.6558 0.62606 
out: 0.60055 0.60818 0.7003 0.6994 0.67 
in: 0.855 0.89138 0.87035 0.82 0.83 0.81429 0.84468 0.87702 0.855 0.845 0.86967 0.85512 0.84364 0.81244 0.80126 0.818 0.77909 0.7809 0.795 0.76264 0.66213 0.71185 0.72615 0.7 0.69011 0.71828 0.68799 0.6558 0.62606 0.60055 
out: 0.60818 0.7003 0.6994 0.67 0.69409 
in: 0.89138 0.87035 0.82 0.83 0.81429 0.84468 0.87702 0.855 0.845 0.86967 0.85512 0.84364 0.81244 0.80126 0.818 0.77909 0.7809 0.795 0.76264 0.66213 0.71185 0.72615 0.7 0.69011 0.71828 0.68799 0.6558 0.62606 0.60055 0.60818 
out: 0.7003 0.6994 0.67 0.69409 0.70335 
in: 0.87035 0.82 0.83 0.81429 0.84468 0.87702 0.855 0.845 0.86967 0.85512 0.84364 0.81244 0.80126 0.818 0.77909 0.7809 0.795 0.76264 0.66213 0.71185 0.72615 0.7 0.69011 0.71828 0.68799 0.6558 0.62606 0.60055 0.60818 0.7003 
out: 0.6994 0.67 0.69409 0.70335 0.65687 
in: 0.82 0.83 0.81429 0.84468 0.87702 0.855 0.845 0.86967 0.85512 0.84364 0.81244 0.80126 0.818 0.77909 0.7809 0.795 0.76264 0.66213 0.71185 0.72615 0.7 0.69011 0.71828 0.68799 0.6558 0.62606 0.60055 0.60818 0.7003 0.6994 
out: 0.67 0.69409 0.70335 0.65687 0.68429 
in: 0.83 0.81429 0.84468 0.87702 0.855 0.845 0.86967 0.85512 0.84364 0.81244 0.80126 0.818 0.77909 0.7809 0.795 0.76264 0.66213 0.71185 0.72615 0.7 0.69011 0.71828 0.68799 0.6558 0.62606 0.60055 0.60818 0.7003 0.6994 0.67 
out: 0.69409 0.70335 0.65687 0.68429 0.6466 
in: 0.81429 0.84468 0.87702 0.855 0.845 0.86967 0.85512 0.84364 0.81244 0.80126 0.818 0.77909 0.7809 0.795 0.76264 0.66213 0.71185 0.72615 0.7 0.69011 0.71828 0.68799 0.6558 0.62606 0.60055 0.60818 0.7003 0.6994 0.67 0.69409 
out: 0.70335 0.65687 0.68429 0.6466 0.68459 
in: 0.84468 0.87702 0.855 0.845 0.86967 0.85512 0.84364 0.81244 0.80126 0.818 0.77909 0.7809 0.795 0.76264 0.66213 0.71185 0.72615 0.7 0.69011 0.71828 0.68799 0.6558 0.62606 0.60055 0.60818 0.7003 0.6994 0.67 0.69409 0.70335 
out: 0.65687 0.68429 0.6466 0.68459 0.67577 
in: 0.87702 0.855 0.845 0.86967 0.85512 0.84364 0.81244 0.80126 0.818 0.77909 0.7809 0.795 0.76264 0.66213 0.71185 0.72615 0.7 0.69011 0.71828 0.68799 0.6558 0.62606 0.60055 0.60818 0.7003 0.6994 0.67 0.69409 0.70335 0.65687 
out: 0.68429 0.6466 0.68459 0.67577 0.66791 
in: 0.855 0.845 0.86967 0.85512 0.84364 0.81244 0.80126 0.818 0.77909 0.7809 0.795 0.76264 0.66213 0.71185 0.72615 0.7 0.69011 0.71828 0.68799 0.6558 0.62606 0.60055 0.60818 0.7003 0.6994 0.67 0.69409 0.70335 0.65687 0.68429 
out: 0.6466 0.68459 0.67577 0.66791 0.613 
in: 0.845 0.86967 0.85512 0.84364 0.81244 0.80126 0.818 0.77909 0.7809 0.795 0.76264 0.66213 0.71185 0.72615 0.7 0.69011 0.71828 0.68799 0.6558 0.62606 0.60055 0.60818 0.7003 0.6994 0.67 0.69409 0.70335 0.65687 0.68429 0.6466 
out: 0.68459 0.67577 0.66791 0.613 0.64187 
in: 0.86967 0.85512 0.84364 0.81244 0.80126 0.818 0.77909 0.7809 0.795 0.76264 0.66213 0.71185 0.72615 0.7 0.69011 0.71828 0.68799 0.6558 0.62606 0.60055 0.60818 0.7003 0.6994 0.67 0.69409 0.70335 0.65687 0.68429 0.6466 0.68459 
out: 0.67577 0.66791 0.613 0.64187 0.61564 
in: 0.85512 0.84364 0.81244 0.80126 0.818 0.77909 0.7809 0.795 0.76264 0.66213 0.71185 0.72615 0.7 0.69011 0.71828 0.68799 0.6558 0.62606 0.60055 0.60818 0.7003 0.6994 0.67 0.69409 0.70335 0.65687 0.68429 0.6466 0.68459 0.67577 
out: 0.66791 0.613 0.64187 0.61564 0.60175 
in: 0.84364 0.81244 0.80126 0.818 0.77909 0.7809 0.795 0.76264 0.66213 0.71185 0.72615 0.7 0.69011 0.71828 0.68799 0.6558 0.62606 0.60055 0.60818 0.7003 0.6994 0.67 0.69409 0.70335 0.65687 0.68429 0.6466 0.68459 0.67577 0.66791 
out: 0.613 0.64187 0.61564 0.60175 0.64662 
in: 0.81244 0.80126 0.818 0.77909 0.7809 0.795 0.76264 0.66213 0.71185 0.72615 0.7 0.69011 0.71828 0.68799 0.6558 0.62606 0.60055 0.60818 0.7003 0.6994 0.67 0.69409 0.70335 0.65687 0.68429 0.6466 0.68459 0.67577 0.66791 0.613 
out: 0.64187 0.61564 0.60175 0.64662 0.68837 
in: 0.80126 0.818 0.77909 0.7809 0.795 0.76264 0.66213 0.71185 0.72615 0.7 0.69011 0.71828 0.68799 0.6558 0.62606 0.60055 0.60818 0.7003 0.6994 0.67 0.69409 0.70335 0.65687 0.68429 0.6466 0.68459 0.67577 0.66791 0.613 0.64187 
out: 0.61564 0.60175 0.64662 0.68837 0.70771 
in: 0.818 0.77909 0.7809 0.795 0.76264 0.66213 0.71185 0.72615 0.7 0.69011 0.71828 0.68799 0.6558 0.62606 0.60055 0.60818 0.7003 0.6994 0.67 0.69409 0.70335 0.65687 0.68429 0.6466 0.68459 0.67577 0.66791 0.613 0.64187 0.61564 
out: 0.60175 0.64662 0.68837 0.70771 0.6903 
in: 0.77909 0.7809 0.795 0.76264 0.66213 0.71185 0.72615 0.7 0.69011 0.71828 0.68799 0.6558 0.62606 0.60055 0.60818 0.7003 0.6994 0.67 0.69409 0.70335 0.65687 0.68429 0.6466 0.68459 0.67577 0.66791 0.613 0.64187 0.61564 0.60175 
out: 0.64662 0.68837 0.70771 0.6903 0.687 
in: 0.7809 0.795 0.76264 0.66213 0.71185 0.72615 0.7 0.69011 0.71828 0.68799 0.6558 0.62606 0.60055 0.60818 0.7003 0.6994 0.67 0.69409 0.70335 0.65687 0.68429 0.6466 0.68459 0.67577 0.66791 0.613 0.64187 0.61564 0.60175 0.64662 
out: 0.68837 0.70771 0.6903 0.687 0.67738 
in: 0.795 0.76264 0.66213 0.71185 0.72615 0.7 0.69011 0.71828 0.68799 0.6558 0.62606 0.60055 0.60818 0.7003 0.6994 0.67 0.69409 0.70335 0.65687 0.68429 0.6466 0.68459 0.67577 0.66791 0.613 0.64187 0.61564 0.60175 0.64662 0.68837 
out: 0.70771 0.6903 0.687 0.67738 0.67777 
in: 0.76264 0.66213 0.71185 0.72615 0.7 0.69011 0.71828 0.68799 0.6558 0.62606 0.60055 0.60818 0.7003 0.6994 0.67 0.69409 0.70335 0.65687 0.68429 0.6466 0.68459 0.67577 0.66791 0.613 0.64187 0.61564 0.60175 0.64662 0.68837 0.70771 
out: 0.6903 0.687 0.67738 0.67777 0.6857 
in: 0.66213 0.71185 0.72615 0.7 0.69011 0.71828 0.68799 0.6558 0.62606 0.60055 0.60818 0.7003 0.6994 0.67 0.69409 0.70335 0.65687 0.68429 0.6466 0.68459 0.67577 0.66791 0.613 0.64187 0.61564 0.60175 0.64662 0.68837 0.70771 0.6903 
out: 0.687 0.67738 0.67777 0.6857 0.7127 
in: 0.71185 0.72615 0.7 0.69011 0.71828 0.68799 0.6558 0.62606 0.60055 0.60818 0.7003 0.6994 0.67 0.69409 0.70335 0.65687 0.68429 0.6466 0.68459 0.67577 0.66791 0.613 0.64187 0.61564 0.60175 0.64662 0.68837 0.70771 0.6903 0.687 
out: 0.67738 0.67777 0.6857 0.7127 0.7707 
in: 0.72615 0.7 0.69011 0.71828 0.68799 0.6558 0.62606 0.60055 0.60818 0.7003 0.6994 0.67 0.69409 0.70335 0.65687 0.68429 0.6466 0.68459 0.67577 0.66791 0.613 0.64187 0.61564 0.60175 0.64662 0.68837 0.70771 0.6903 0.687 0.67738 
out: 0.67777 0.6857 0.7127 0.7707 0.7431 
in: 0.7 0.69011 0.71828 0.68799 0.6558 0.62606 0.60055 0.60818 0.7003 0.6994 0.67 0.69409 0.70335 0.65687 0.68429 0.6466 0.68459 0.67577 0.66791 0.613 0.64187 0.61564 0.60175 0.64662 0.68837 0.70771 0.6903 0.687 0.67738 0.67777 
out: 0.6857 0.7127 0.7707 0.7431 0.72865 
in: 0.69011 0.71828 0.68799 0.6558 0.62606 0.60055 0.60818 0.7003 0.6994 0.67 0.69409 0.70335 0.65687 0.68429 0.6466 0.68459 0.67577 0.66791 0.613 0.64187 0.61564 0.60175 0.64662 0.68837 0.70771 0.6903 0.687 0.67738 0.67777 0.6857 
out: 0.7127 0.7707 0.7431 0.72865 0.7196 
in: 0.71828 0.68799 0.6558 0.62606 0.60055 0.60818 0.7003 0.6994 0.67 0.69409 0.70335 0.65687 0.68429 0.6466 0.68459 0.67577 0.66791 0.613 0.64187 0.61564 0.60175 0.64662 0.68837 0.70771 0.6903 0.687 0.67738 0.67777 0.6857 0.7127 
out: 0.7707 0.7431 0.72865 0.7196 0.71742 
in: 0.68799 0.6558 0.62606 0.60055 0.60818 0.7003 0.6994 0.67 0.69409 0.70335 0.65687 0.68429 0.6466 0.68459 0.67577 0.66791 0.613 0.64187 0.61564 0.60175 0.64662 0.68837 0.70771 0.6903 0.687 0.67738 0.67777 0.6857 0.7127 0.7707 
out: 0.7431 0.72865 0.7196 0.71742 0.70477 
in: 0.6558 0.62606 0.60055 0.60818 0.7003 0.6994 0.67 0.69409 0.70335 0.65687 0.68429 0.6466 0.68459 0.67577 0.66791 0.613 0.64187 0.61564 0.60175 0.64662 0.68837 0.70771 0.6903 0.687 0.67738 0.67777 0.6857 0.7127 0.7707 0.7431 
out: 0.72865 0.7196 0.71742 0.70477 0.7415 
in: 0.62606 0.60055 0.60818 0.7003 0.6994 0.67 0.69409 0.70335 0.65687 0.68429 0.6466 0.68459 0.67577 0.66791 0.613 0.64187 0.61564 0.60175 0.64662 0.68837 0.70771 0.6903 0.687 0.67738 0.67777 0.6857 0.7127 0.7707 0.7431 0.72865 
out: 0.7196 0.71742 0.70477 0.7415 0.7198 
in: 0.60055 0.60818 0.7003 0.6994 0.67 0.69409 0.70335 0.65687 0.68429 0.6466 0.68459 0.67577 0.66791 0.613 0.64187 0.61564 0.60175 0.64662 0.68837 0.70771 0.6903 0.687 0.67738 0.67777 0.6857 0.7127 0.7707 0.7431 0.72865 0.7196 
out: 0.71742 0.70477 0.7415 0.7198 0.741 
in: 0.60818 0.7003 0.6994 0.67 0.69409 0.70335 0.65687 0.68429 0.6466 0.68459 0.67577 0.66791 0.613 0.64187 0.61564 0.60175 0.64662 0.68837 0.70771 0.6903 0.687 0.67738 0.67777 0.6857 0.7127 0.7707 0.7431 0.72865 0.7196 0.71742 
out: 0.70477 0.7415 0.7198 0.741 0.71796 
in: 0.7003 0.6994 0.67 0.69409 0.70335 0.65687 0.68429 0.6466 0.68459 0.67577 0.66791 0.613 0.64187 0.61564 0.60175 0.64662 0.68837 0.70771 0.6903 0.687 0.67738 0.67777 0.6857 0.7127 0.7707 0.7431 0.72865 0.7196 0.71742 0.70477 
out: 0.7415 0.7198 0.741 0.71796 0.69641 
in: 0.6994 0.67 0.69409 0.70335 0.65687 0.68429 0.6466 0.68459 0.67577 0.66791 0.613 0.64187 0.61564 0.60175 0.64662 0.68837 0.70771 0.6903 0.687 0.67738 0.67777 0.6857 0.7127 0.7707 0.7431 0.72865 0.7196 0.71742 0.70477 0.7415 
out: 0.7198 0.741 0.71796 0.69641 0.69951 
in: 0.67 0.69409 0.70335 0.65687 0.68429 0.6466 0.68459 0.67577 0.66791 0.613 0.64187 0.61564 0.60175 0.64662 0.68837 0.70771 0.6903 0.687 0.67738 0.67777 0.6857 0.7127 0.7707 0.7431 0.72865 0.7196 0.71742 0.70477 0.7415 0.7198 
out: 0.741 0.71796 0.69641 0.69951 0.66759 
in: 0.69409 0.70335 0.65687 0.68429 0.6466 0.68459 0.67577 0.66791 0.613 0.64187 0.61564 0.60175 0.64662 0.68837 0.70771 0.6903 0.687 0.67738 0.67777 0.6857 0.7127 0.7707 0.7431 0.72865 0.7196 0.71742 0.70477 0.7415 0.7198 0.741 
out: 0.71796 0.69641 0.69951 0.66759 0.7038 
in: 0.70335 0.65687 0.68429 0.6466 0.68459 0.67577 0.66791 0.613 0.64187 0.61564 0.60175 0.64662 0.68837 0.70771 0.6903 0.687 0.67738 0.67777 0.6857 0.7127 0.7707 0.7431 0.72865 0.7196 0.71742 0.70477 0.7415 0.7198 0.741 0.71796 
out: 0.69641 0.69951 0.66759 0.7038 0.67894 
in: 0.65687 0.68429 0.6466 0.68459 0.67577 0.66791 0.613 0.64187 0.61564 0.60175 0.64662 0.68837 0.70771 0.6903 0.687 0.67738 0.67777 0.6857 0.7127 0.7707 0.7431 0.72865 0.7196 0.71742 0.70477 0.7415 0.7198 0.741 0.71796 0.69641 
out: 0.69951 0.66759 0.7038 0.67894 0.68106 
in: 0.68429 0.6466 0.68459 0.67577 0.66791 0.613 0.64187 0.61564 0.60175 0.64662 0.68837 0.70771 0.6903 0.687 0.67738 0.67777 0.6857 0.7127 0.7707 0.7431 0.72865 0.7196 0.71742 0.70477 0.7415 0.7198 0.741 0.71796 0.69641 0.69951 
out: 0.66759 0.7038 0.67894 0.68106 0.68076 
in: 0.6466 0.68459 0.67577 0.66791 0.613 0.64187 0.61564 0.60175 0.64662 0.68837 0.70771 0.6903 0.687 0.67738 0.67777 0.6857 0.7127 0.7707 0.7431 0.72865 0.7196 0.71742 0.70477 0.7415 0.7198 0.741 0.71796 0.69641 0.69951 0.66759 
out: 0.7038 0.67894 0.68106 0.68076 0.6658 
in: 0.68459 0.67577 0.66791 0.613 0.64187 0.61564 0.60175 0.64662 0.68837 0.70771 0.6903 0.687 0.67738 0.67777 0.6857 0.7127 0.7707 0.7431 0.72865 0.7196 0.71742 0.70477 0.7415 0.7198 0.741 0.71796 0.69641 0.69951 0.66759 0.7038 
out: 0.67894 0.68106 0.68076 0.6658 0.6649 
in: 0.67577 0.66791 0.613 0.64187 0.61564 0.60175 0.64662 0.68837 0.70771 0.6903 0.687 0.67738 0.67777 0.6857 0.7127 0.7707 0.7431 0.72865 0.7196 0.71742 0.70477 0.7415 0.7198 0.741 0.71796 0.69641 0.69951 0.66759 0.7038 0.67894 
out: 0.68106 0.68076 0.6658 0.6649 0.59924 
in: 0.66791 0.613 0.64187 0.61564 0.60175 0.64662 0.68837 0.70771 0.6903 0.687 0.67738 0.67777 0.6857 0.7127 0.7707 0.7431 0.72865 0.7196 0.71742 0.70477 0.7415 0.7198 0.741 0.71796 0.69641 0.69951 0.66759 0.7038 0.67894 0.68106 
out: 0.68076 0.6658 0.6649 0.59924 0.60249 
in: 0.613 0.64187 0.61564 0.60175 0.64662 0.68837 0.70771 0.6903 0.687 0.67738 0.67777 0.6857 0.7127 0.7707 0.7431 0.72865 0.7196 0.71742 0.70477 0.7415 0.7198 0.741 0.71796 0.69641 0.69951 0.66759 0.7038 0.67894 0.68106 0.68076 
out: 0.6658 0.6649 0.59924 0.60249 0.60154 
in: 0.64187 0.61564 0.60175 0.64662 0.68837 0.70771 0.6903 0.687 0.67738 0.67777 0.6857 0.7127 0.7707 0.7431 0.72865 0.7196 0.71742 0.70477 0.7415 0.7198 0.741 0.71796 0.69641 0.69951 0.66759 0.7038 0.67894 0.68106 0.68076 0.6658 
out: 0.6649 0.59924 0.60249 0.60154 0.58341 
in: 0.61564 0.60175 0.64662 0.68837 0.70771 0.6903 0.687 0.67738 0.67777 0.6857 0.7127 0.7707 0.7431 0.72865 0.7196 0.71742 0.70477 0.7415 0.7198 0.741 0.71796 0.69641 0.69951 0.66759 0.7038 0.67894 0.68106 0.68076 0.6658 0.6649 
out: 0.59924 0.60249 0.60154 0.58341 0.57555 
in: 0.60175 0.64662 0.68837 0.70771 0.6903 0.687 0.67738 0.67777 0.6857 0.7127 0.7707 0.7431 0.72865 0.7196 0.71742 0.70477 0.7415 0.7198 0.741 0.71796 0.69641 0.69951 0.66759 0.7038 0.67894 0.68106 0.68076 0.6658 0.6649 0.59924 
out: 0.60249 0.60154 0.58341 0.57555 0.568 
in: 0.64662 0.68837 0.70771 0.6903 0.687 0.67738 0.67777 0.6857 0.7127 0.7707 0.7431 0.72865 0.7196 0.71742 0.70477 0.7415 0.7198 0.741 0.71796 0.69641 0.69951 0.66759 0.7038 0.67894 0.68106 0.68076 0.6658 0.6649 0.59924 0.60249 
out: 0.60154 0.58341 0.57555 0.568 0.55255 
in: 0.68837 0.70771 0.6903 0.687 0.67738 0.67777 0.6857 0.7127 0.7707 0.7431 0.72865 0.7196 0.71742 0.70477 0.7415 0.7198 0.741 0.71796 0.69641 0.69951 0.66759 0.7038 0.67894 0.68106 0.68076 0.6658 0.6649 0.59924 0.60249 0.60154 
out: 0.58341 0.57555 0.568 0.55255 0.575 
in: 0.70771 0.6903 0.687 0.67738 0.67777 0.6857 0.7127 0.7707 0.7431 0.72865 0.7196 0.71742 0.70477 0.7415 0.7198 0.741 0.71796 0.69641 0.69951 0.66759 0.7038 0.67894 0.68106 0.68076 0.6658 0.6649 0.59924 0.60249 0.60154 0.58341 
out: 0.57555 0.568 0.55255 0.575 0.59611 
in: 0.6903 0.687 0.67738 0.67777 0.6857 0.7127 0.7707 0.7431 0.72865 0.7196 0.71742 0.70477 0.7415 0.7198 0.741 0.71796 0.69641 0.69951 0.66759 0.7038 0.67894 0.68106 0.68076 0.6658 0.6649 0.59924 0.60249 0.60154 0.58341 0.57555 
out: 0.568 0.55255 0.575 0.59611 0.5816 
in: 0.687 0.67738 0.67777 0.6857 0.7127 0.7707 0.7431 0.72865 0.7196 0.71742 0.70477 0.7415 0.7198 0.741 0.71796 0.69641 0.69951 0.66759 0.7038 0.67894 0.68106 0.68076 0.6658 0.6649 0.59924 0.60249 0.60154 0.58341 0.57555 0.568 
out: 0.55255 0.575 0.59611 0.5816 0.60731 
in: 0.67738 0.67777 0.6857 0.7127 0.7707 0.7431 0.72865 0.7196 0.71742 0.70477 0.7415 0.7198 0.741 0.71796 0.69641 0.69951 0.66759 0.7038 0.67894 0.68106 0.68076 0.6658 0.6649 0.59924 0.60249 0.60154 0.58341 0.57555 0.568 0.55255 
out: 0.575 0.59611 0.5816 0.60731 0.60756 
in: 0.67777 0.6857 0.7127 0.7707 0.7431 0.72865 0.7196 0.71742 0.70477 0.7415 0.7198 0.741 0.71796 0.69641 0.69951 0.66759 0.7038 0.67894 0.68106 0.68076 0.6658 0.6649 0.59924 0.60249 0.60154 0.58341 0.57555 0.568 0.55255 0.575 
out: 0.59611 0.5816 0.60731 0.60756 0.62024 
in: 0.6857 0.7127 0.7707 0.7431 0.72865 0.7196 0.71742 0.70477 0.7415 0.7198 0.741 0.71796 0.69641 0.69951 0.66759 0.7038 0.67894 0.68106 0.68076 0.6658 0.6649 0.59924 0.60249 0.60154 0.58341 0.57555 0.568 0.55255 0.575 0.59611 
out: 0.5816 0.60731 0.60756 0.62024 0.6285 
in: 0.7127 0.7707 0.7431 0.72865 0.7196 0.71742 0.70477 0.7415 0.7198 0.741 0.71796 0.69641 0.69951 0.66759 0.7038 0.67894 0.68106 0.68076 0.6658 0.6649 0.59924 0.60249 0.60154 0.58341 0.57555 0.568 0.55255 0.575 0.59611 0.5816 
out: 0.60731 0.60756 0.62024 0.6285 0.6278 
in: 0.7707 0.7431 0.72865 0.7196 0.71742 0.70477 0.7415 0.7198 0.741 0.71796 0.69641 0.69951 0.66759 0.7038 0.67894 0.68106 0.68076 0.6658 0.6649 0.59924 0.60249 0.60154 0.58341 0.57555 0.568 0.55255 0.575 0.59611 0.5816 0.60731 
out: 0.60756 0.62024 0.6285 0.6278 0.62013 
in: 0.7431 0.72865 0.7196 0.71742 0.70477 0.7415 0.7198 0.741 0.71796 0.69641 0.69951 0.66759 0.7038 0.67894 0.68106 0.68076 0.6658 0.6649 0.59924 0.60249 0.60154 0.58341 0.57555 0.568 0.55255 0.575 0.59611 0.5816 0.60731 0.60756 
out: 0.62024 0.6285 0.6278 0.62013 0.6018 
in: 0.72865 0.7196 0.71742 0.70477 0.7415 0.7198 0.741 0.71796 0.69641 0.69951 0.66759 0.7038 0.67894 0.68106 0.68076 0.6658 0.6649 0.59924 0.60249 0.60154 0.58341 0.57555 0.568 0.55255 0.575 0.59611 0.5816 0.60731 0.60756 0.62024 
out: 0.6285 0.6278 0.62013 0.6018 0.57971 
in: 0.7196 0.71742 0.70477 0.7415 0.7198 0.741 0.71796 0.69641 0.69951 0.66759 0.7038 0.67894 0.68106 0.68076 0.6658 0.6649 0.59924 0.60249 0.60154 0.58341 0.57555 0.568 0.55255 0.575 0.59611 0.5816 0.60731 0.60756 0.62024 0.6285 
out: 0.6278 0.62013 0.6018 0.57971 0.59183 
in: 0.71742 0.70477 0.7415 0.7198 0.741 0.71796 0.69641 0.69951 0.66759 0.7038 0.67894 0.68106 0.68076 0.6658 0.6649 0.59924 0.60249 0.60154 0.58341 0.57555 0.568 0.55255 0.575 0.59611 0.5816 0.60731 0.60756 0.62024 0.6285 0.6278 
out: 0.62013 0.6018 0.57971 0.59183 0.62301 
in: 0.70477 0.7415 0.7198 0.741 0.71796 0.69641 0.69951 0.66759 0.7038 0.67894 0.68106 0.68076 0.6658 0.6649 0.59924 0.60249 0.60154 0.58341 0.57555 0.568 0.55255 0.575 0.59611 0.5816 0.60731 0.60756 0.62024 0.6285 0.6278 0.62013 
out: 0.6018 0.57971 0.59183 0.62301 0.60217 
in: 0.7415 0.7198 0.741 0.71796 0.69641 0.69951 0.66759 0.7038 0.67894 0.68106 0.68076 0.6658 0.6649 0.59924 0.60249 0.60154 0.58341 0.57555 0.568 0.55255 0.575 0.59611 0.5816 0.60731 0.60756 0.62024 0.6285 0.6278 0.62013 0.6018 
out: 0.57971 0.59183 0.62301 0.60217 0.60388 
in: 0.7198 0.741 0.71796 0.69641 0.69951 0.66759 0.7038 0.67894 0.68106 0.68076 0.6658 0.6649 0.59924 0.60249 0.60154 0.58341 0.57555 0.568 0.55255 0.575 0.59611 0.5816 0.60731 0.60756 0.62024 0.6285 0.6278 0.62013 0.6018 0.57971 
out: 0.59183 0.62301 0.60217 0.60388 0.61023 
in: 0.741 0.71796 0.69641 0.69951 0.66759 0.7038 0.67894 0.68106 0.68076 0.6658 0.6649 0.59924 0.60249 0.60154 0.58341 0.57555 0.568 0.55255 0.575 0.59611 0.5816 0.60731 0.60756 0.62024 0.6285 0.6278 0.62013 0.6018 0.57971 0.59183 
out: 0.62301 0.60217 0.60388 0.61023 0.61223 
in: 0.71796 0.69641 0.69951 0.66759 0.7038 0.67894 0.68106 0.68076 0.6658 0.6649 0.59924 0.60249 0.60154 0.58341 0.57555 0.568 0.55255 0.575 0.59611 0.5816 0.60731 0.60756 0.62024 0.6285 0.6278 0.62013 0.6018 0.57971 0.59183 0.62301 
out: 0.60217 0.60388 0.61023 0.61223 0.61669 
in: 0.69641 0.69951 0.66759 0.7038 0.67894 0.68106 0.68076 0.6658 0.6649 0.59924 0.60249 0.60154 0.58341 0.57555 0.568 0.55255 0.575 0.59611 0.5816 0.60731 0.60756 0.62024 0.6285 0.6278 0.62013 0.6018 0.57971 0.59183 0.62301 0.60217 
out: 0.60388 0.61023 0.61223 0.61669 0.59754 
in: 0.69951 0.66759 0.7038 0.67894 0.68106 0.68076 0.6658 0.6649 0.59924 0.60249 0.60154 0.58341 0.57555 0.568 0.55255 0.575 0.59611 0.5816 0.60731 0.60756 0.62024 0.6285 0.6278 0.62013 0.6018 0.57971 0.59183 0.62301 0.60217 0.60388 
out: 0.61023 0.61223 0.61669 0.59754 0.60189 
in: 0.66759 0.7038 0.67894 0.68106 0.68076 0.6658 0.6649 0.59924 0.60249 0.60154 0.58341 0.57555 0.568 0.55255 0.575 0.59611 0.5816 0.60731 0.60756 0.62024 0.6285 0.6278 0.62013 0.6018 0.57971 0.59183 0.62301 0.60217 0.60388 0.61023 
out: 0.61223 0.61669 0.59754 0.60189 0.61337 
in: 0.7038 0.67894 0.68106 0.68076 0.6658 0.6649 0.59924 0.60249 0.60154 0.58341 0.57555 0.568 0.55255 0.575 0.59611 0.5816 0.60731 0.60756 0.62024 0.6285 0.6278 0.62013 0.6018 0.57971 0.59183 0.62301 0.60217 0.60388 0.61023 0.61223 
out: 0.61669 0.59754 0.60189 0.61337 0.62448 
in: 0.67894 0.68106 0.68076 0.6658 0.6649 0.59924 0.60249 0.60154 0.58341 0.57555 0.568 0.55255 0.575 0.59611 0.5816 0.60731 0.60756 0.62024 0.6285 0.6278 0.62013 0.6018 0.57971 0.59183 0.62301 0.60217 0.60388 0.61023 0.61223 0.61669 
out: 0.59754 0.60189 0.61337 0.62448 0.61825 
in: 0.68106 0.68076 0.6658 0.6649 0.59924 0.60249 0.60154 0.58341 0.57555 0.568 0.55255 0.575 0.59611 0.5816 0.60731 0.60756 0.62024 0.6285 0.6278 0.62013 0.6018 0.57971 0.59183 0.62301 0.60217 0.60388 0.61023 0.61223 0.61669 0.59754 
out: 0.60189 0.61337 0.62448 0.61825 0.632 
in: 0.68076 0.6658 0.6649 0.59924 0.60249 0.60154 0.58341 0.57555 0.568 0.55255 0.575 0.59611 0.5816 0.60731 0.60756 0.62024 0.6285 0.6278 0.62013 0.6018 0.57971 0.59183 0.62301 0.60217 0.60388 0.61023 0.61223 0.61669 0.59754 0.60189 
out: 0.61337 0.62448 0.61825 0.632 0.67499 
in: 0.6658 0.6649 0.59924 0.60249 0.60154 0.58341 0.57555 0.568 0.55255 0.575 0.59611 0.5816 0.60731 0.60756 0.62024 0.6285 0.6278 0.62013 0.6018 0.57971 0.59183 0.62301 0.60217 0.60388 0.61023 0.61223 0.61669 0.59754 0.60189 0.61337 
out: 0.62448 0.61825 0.632 0.67499 0.68958 
in: 0.6649 0.59924 0.60249 0.60154 0.58341 0.57555 0.568 0.55255 0.575 0.59611 0.5816 0.60731 0.60756 0.62024 0.6285 0.6278 0.62013 0.6018 0.57971 0.59183 0.62301 0.60217 0.60388 0.61023 0.61223 0.61669 0.59754 0.60189 0.61337 0.62448 
out: 0.61825 0.632 0.67499 0.68958 0.67164 
in: 0.59924 0.60249 0.60154 0.58341 0.57555 0.568 0.55255 0.575 0.59611 0.5816 0.60731 0.60756 0.62024 0.6285 0.6278 0.62013 0.6018 0.57971 0.59183 0.62301 0.60217 0.60388 0.61023 0.61223 0.61669 0.59754 0.60189 0.61337 0.62448 0.61825 
out: 0.632 0.67499 0.68958 0.67164 0.68465 
in: 0.60249 0.60154 0.58341 0.57555 0.568 0.55255 0.575 0.59611 0.5816 0.60731 0.60756 0.62024 0.6285 0.6278 0.62013 0.6018 0.57971 0.59183 0.62301 0.60217 0.60388 0.61023 0.61223 0.61669 0.59754 0.60189 0.61337 0.62448 0.61825 0.632 
out: 0.67499 0.68958 0.67164 0.68465 0.67977 
