Date,Open,High,Low,Close,Adjusted_close,Volume
2020-09-08,356,368.74,329.88,330.21,330.21,115465695
2020-09-09,356.6,369,341.51,366.28,366.28,79465766
2020-09-10,386.21,398.99,360.56,371.34,371.34,84930609
2020-09-11,381.94,382.5,360.5,372.72,372.72,60717461
2020-09-14,380.95,420,373.3,419.62,419.62,83020609
2020-09-15,436.56,461.94,430.7,449.76,449.76,97298234
2020-09-16,439.87,457.79,435.31,441.76,441.76,72546758
2020-09-17,415.6,437.79,408.0001,423.43,423.43,76779156
2020-09-18,447.94,451,428.8,442.15,442.15,86406812
2020-09-21,453.13,455.68,407.07,449.39,449.39,109476797
2020-09-22,429.6,437.76,417.6001,424.23,424.23,79580797
2020-09-23,405.16,412.15,375.8801,380.36,380.36,95074180
2020-09-24,363.8,399.5,351.3,387.79,387.79,96561055
2020-09-25,393.47,408.7323,391.3,407.34,407.34,67208461
2020-09-28,424.62,428.08,415.55,421.2,421.2,49719559
2020-09-29,416,428.5,411.6,419.07,419.07,50341398
2020-09-30,421.32,433.93,420.47,429.01,429.01,48145566
2020-10-01,440.76,448.88,434.42,448.16,448.16,50741449
2020-10-02,421.39,439.13,415,415.09,415.09,71430031
2020-10-05,423.35,433.64,419.33,425.68,425.68,44722793
2020-10-06,423.79,428.7799,406.05,413.98,413.98,49146262
2020-10-07,419.87,429.9,413.845,425.3,425.3,43127711
2020-10-08,438.44,439,425.3,425.92,425.92,40421121
2020-10-09,430.13,434.5899,426.4601,434,434,28925660
2020-10-12,442,448.74,438.58,442.3,442.3,38791129
2020-10-13,443.35,448.89,436.6,446.65,446.65,34463672
2020-10-14,449.78,465.9,447.35,461.3,461.3,48045391
2020-10-15,450.31,456.57,442.5,448.88,448.88,35672352
2020-10-16,454.44,455.9499,438.85,439.67,439.67,32775879
2020-10-19,446.24,447,428.87,430.83,430.83,36287840
2020-10-20,431.75,431.75,419.0501,421.94,421.94,31656289
2020-10-21,422.7,432.95,421.25,422.64,422.64,32370461
2020-10-22,441.92,445.23,424.51,425.79,425.79,39993191
2020-10-23,421.84,422.8859,407.3801,420.63,420.63,33716980
2020-10-26,411.63,425.76,410,420.28,420.28,28239160
2020-10-27,423.76,430.5,420.1,424.68,424.68,22686510
2020-10-28,416.48,418.6,406,406.02,406.02,25451410
2020-10-29,409.96,418.06,406.46,410.83,410.83,22655311
2020-10-30,406.8954,407.5915,379.11,388.04,388.04,42587641
2020-11-02,394,406.9799,392.3,400.51,400.51,29021119
2020-11-03,409.73,427.77,406.69,423.9,423.9,34351719
2020-11-04,430.62,435.4,417.1,420.98,420.98,32143061
2020-11-05,428.3,440,424.0001,438.09,438.09,28414520
2020-11-06,436.1,436.57,424.28,429.95,429.95,21706010
2020-11-09,439.5,452.5,421,421.26,421.26,34833031
2020-11-10,420.09,420.09,396.0301,410.36,410.36,30284221
2020-11-11,416.45,418.695,410.58,417.13,417.13,17357721
2020-11-12,415.05,423,409.52,411.76,411.76,19940500
2020-11-13,410.85,412.5319,401.66,408.5,408.5,19830350
2020-11-16,408.93,412.45,404.0868,408.09,408.09,26838641
2020-11-17,460.17,462,433.01,441.61,441.61,61188281
2020-11-18,448.35,496,443.5001,486.64,486.64,78044016
2020-11-19,492,508.6112,487.57,499.27,499.27,62475352
2020-11-20,497.99,502.5,489.06,489.61,489.61,32911922
2020-11-23,503.5,526,501.79,521.85,521.85,50260301
2020-11-24,540.4,559.99,526.2,555.38,555.38,53648488
2020-11-25,550.06,574,545.37,574,574,48930160
2020-11-27,581.16,598.78,578.45,585.76,585.76,37561078
2020-11-30,602.21,607.8,554.51,567.6,567.6,63003047
2020-12-01,597.59,597.85,572.05,584.76,584.76,40382832
2020-12-02,556.44,571.54,541.21,568.82,568.82,47775648
2020-12-03,590.02,598.97,582.43,593.38,593.38,42552000
2020-12-04,591.01,599.04,585.5,599.04,599.04,29401311
2020-12-07,604.9197,648.7856,603.05,641.76,641.76,56309711
2020-12-08,625.505,651.28,618.5,649.88,649.88,64265031
2020-12-09,653.69,654.32,588,604.48,604.48,71291195
2020-12-10,574.37,627.75,566.34,627.07,627.07,67083148
2020-12-11,615.01,624,596.8,609.99,609.99,46474969
2020-12-14,619,642.7499,610.2001,639.83,639.83,52040648
2020-12-15,643.28,646.9,623.8,633.25,633.25,45223559
2020-12-16,628.23,632.5,605,622.77,622.77,42095809
2020-12-17,628.19,658.82,619.5,655.9,655.9,56270141
2020-12-18,668.9,695,628.54,695,695,222126203
2020-12-21,666.24,668.5,646.07,649.86,649.86,58045262
2020-12-22,648,649.88,614.23,640.34,640.34,51861641
2020-12-23,632.2,651.4999,622.5701,645.98,645.98,33172969
2020-12-24,642.99,666.09,641,661.77,661.77,22865570
2020-12-28,674.51,681.4,660.8,663.69,663.69,32278561
2020-12-29,661,669.9,655,665.99,665.99,22910811
2020-12-30,672,696.6,668.3603,694.78,694.78,42846020
2020-12-31,699.99,718.72,691.12,705.67,705.67,49649930
2021-01-04,719.46,744.4899,717.1895,729.77,729.77,48638191
2021-01-05,723.66,740.84,719.2,735.11,735.11,32245170
2021-01-06,758.49,774,749.1,755.98,755.98,44699969
2021-01-07,777.63,816.99,775.2,816.04,816.04,51498953
2021-01-08,856,884.49,838.39,880.02,880.02,75055531
2021-01-11,849.4,854.43,803.6222,811.19,811.19,59554152
2021-01-12,831,868,827.34,849.44,849.44,46270719
2021-01-13,852.76,860.47,832,854.41,854.41,33312500
2021-01-14,843.39,863,838.75,845,845,31266330
2021-01-15,852,859.9,819.1,826.16,826.16,38777602
2021-01-19,837.8,850,833,844.55,844.55,25366980
2021-01-20,858.74,859.5,837.28,850.45,850.45,25665881
2021-01-21,855,855.7199,841.4201,844.99,844.99,20598131
2021-01-22,834.31,848,828.62,846.64,846.64,20066500
2021-01-25,855,900.4,838.8201,880.8,880.8,41173398
2021-01-26,891.38,895.9,871.6,883.09,883.09,23131600
2021-01-27,870.35,891.5,858.66,864.16,864.16,27333961
2021-01-28,820,848,801,835.43,835.43,26378051
2021-01-29,830,842.41,780.1,793.53,793.53,34990754
2021-02-01,814.29,842,795.5601,839.81,839.81,25391391
2021-02-02,844.68,880.5,842.2006,872.79,872.79,24346211
2021-02-03,877.02,878.08,853.0646,854.69,854.69,18343510
2021-02-04,855,856.5,833.42,849.99,849.99,15812660
2021-02-05,845,864.77,838.97,852.23,852.23,18566641
2021-02-08,869.67,877.77,854.75,863.42,863.42,20161721
2021-02-09,855.12,859.8,841.75,849.46,849.46,15157650
2021-02-10,843.635,844.82,800.02,804.82,804.82,36216090
2021-02-11,812.44,829.8799,801.725,811.66,811.66,21622750
2021-02-12,801.26,817.33,785.3306,816.12,816.12,23768311
2021-02-16,818,821,792.44,796.22,796.22,19802320
2021-02-17,779.09,799.84,762.01,798.15,798.15,26078900
2021-02-18,780.9,794.69,776.27,787.38,787.38,17957061
2021-02-19,795,796.7899,777.37,781.3,781.3,18958260
2021-02-22,762.64,768.5,710.2,714.5,714.5,37269719
2021-02-23,662.13,713.6099,619,698.84,698.84,66606883
2021-02-24,711.85,745,694.17,742.02,742.02,36766953
2021-02-25,726.15,737.2066,670.58,682.22,682.22,39023859
2021-02-26,700,706.7,659.51,675.5,675.5,41089168
2021-03-01,690.11,872,685.05,718.43,718.43,27136240
2021-03-02,718.28,721.11,685,686.44,686.44,23732160
2021-03-03,687.99,700.7,651.705,653.2,653.2,30207961
2021-03-04,655.8,873.94,600,621.44,621.44,65919531
2021-03-05,626.06,627.8419,539.49,597.95,597.95,89396461
2021-03-08,600.55,620.125,558.79,563,563,51786961
2021-03-09,608.18,678.09,595.21,673.58,673.58,67523328
2021-03-10,700.3,717.85,655.06,668.06,668.06,60605672
2021-03-11,699.4,702.5,677.18,699.6,699.6,36253887
2021-03-12,670,694.88,666.1394,693.73,693.73,33583840
2021-03-15,694.09,713.18,684.04,707.94,707.94,29423480
2021-03-16,703.35,707.92,671,676.88,676.88,32195670
2021-03-17,656.87,703.73,651.01,701.81,701.81,40372449
2021-03-18,684.29,689.23,652,653.16,653.16,33369020
2021-03-19,646.6,657.23,624.6201,654.87,654.87,42893980
2021-03-22,684.59,699.62,668.75,670,670,39512219
2021-03-23,675.77,677.8,657.51,662.16,662.16,30491869
2021-03-24,667.91,668.02,630.11,630.27,630.27,33795168
2021-03-25,613,645.5,609.5,640.39,640.39,39224848
2021-03-26,641.87,643.82,599.89,618.71,618.71,33852832
2021-03-29,615.64,616.48,596.02,611.29,611.29,28636990
2021-03-30,601.75,637.66,591.01,635.62,635.62,39432359
2021-03-31,646.62,672,641.11,667.93,667.93,33337289
2021-04-01,688.37,692.4203,659.42,661.75,661.75,35298379
2021-04-05,707.71,708.16,684.7,691.05,691.05,41842770
2021-04-06,690.3,696.55,681.37,691.62,691.62,28271840
2021-04-07,687,691.38,667.84,670.97,670.97,26309430
2021-04-08,677.38,689.5499,671.645,683.8,683.8,23924330
2021-04-09,677.77,680.97,669.43,677.02,677.02,21437090
2021-04-12,685.7,704.8,682.09,701.98,701.98,29135670
2021-04-13,712.7,763,710.66,762.32,762.32,44652809
2021-04-14,770.7,780.79,728.03,732.23,732.23,49017434
2021-04-15,743.1,743.69,721.31,738.85,738.85,27848900
2021-04-16,728.65,749.41,724.6,739.78,739.78,27979529
2021-04-19,719.6,725.4,691.8001,714.63,714.63,39686230
2021-04-20,717.42,737.25,710.685,718.99,718.99,35609039
2021-04-21,704.77,744.84,698,744.12,744.12,31215510
2021-04-22,741.5,753.77,718.04,719.69,719.69,35590262
2021-04-23,719.8,737.36,715.46,729.4,729.4,28413891
2021-04-26,741,749.3,732.6053,738.2,738.2,31038500
2021-04-27,717.96,724,703.3501,704.74,704.74,29437000
2021-04-28,696.41,708.5,693.6,694.4,694.4,22271051
2021-04-29,699.51,702.25,668.5002,677,677,28845449
2021-04-30,667.59,715.47,666.14,709.44,709.44,40758719
2021-05-03,703.8,706,680.5,684.9,684.9,27043141
2021-05-04,678.94,683.4464,657.701,673.6,673.6,29739320
2021-05-05,681.06,685.2955,667.34,670.94,670.94,21901891
2021-05-06,680.76,681.02,650,663.54,663.54,27784619
2021-05-07,665.8,690,660.22,672.37,672.37,23469170
2021-05-10,664.9,665.05,627.6101,629.04,629.04,31392420
2021-05-11,599.24,627.0999,595.6,617.2,617.2,46503898
2021-05-12,602.49,620.41,586.765,589.89,589.89,33823648
2021-05-13,601.545,606.4599,559.65,571.69,571.69,44184922
2021-05-14,583.41,592.87,570.46,589.74,589.74,33370859
2021-05-17,575.553,589.73,561.2,576.83,576.83,32247801
2021-05-18,568,596.25,563.38,577.87,577.87,36830566
2021-05-19,552.55,566.21,546.98,563.46,563.46,39578398
2021-05-20,575,588.85,571.07,586.78,586.78,30821119
2021-05-21,596.11,596.68,580,580.88,580.88,26030600
2021-05-24,581.6,614.48,573.65,606.44,606.44,34558090
2021-05-25,607.31,613.99,595.71,604.69,604.69,28005930
2021-05-26,607.56,626.17,601.5,619.13,619.13,28639311
2021-05-27,620.24,631.13,616.21,630.85,630.85,26370590
2021-05-28,628.5,635.59,622.38,625.22,625.22,22737039
2021-06-01,627.8,633.8,620.55,623.9,623.9,18084891
2021-06-02,620.13,623.36,599.14,605.12,605.12,23302779
2021-06-03,601.8,604.55,571.22,572.84,572.84,30111891
2021-06-04,579.71,600.61,577.2,599.05,599.05,24036900
2021-06-07,591.825,610,582.88,605.13,605.13,22543680
2021-06-08,623.01,623.09,595.5,603.59,603.59,26053410
2021-06-09,602.17,611.79,597.6301,598.78,598.78,16584570
2021-06-10,603.88,616.59,600.5,610.12,610.12,23919609
2021-06-11,610.23,612.56,601.52,609.89,609.89,16205300
2021-06-14,612.23,625.49,609.18,617.69,617.69,20423980
2021-06-15,616.69,616.79,598.23,599.36,599.36,17764150
2021-06-16,597.535,608.5,593.5,604.87,604.87,22144131
2021-06-17,601.888,621.47,601.34,616.6,616.6,22701350
2021-06-18,613.37,628.35,611.8,623.31,623.31,24560910
2021-06-21,624.48,631.39,608.88,620.83,620.83,24812740
2021-06-22,618.25,628.5693,615.5,623.71,623.71,19158891
2021-06-23,632,657.204,630.04,656.57,656.57,31099230
2021-06-24,674.99,697.62,667.61,679.82,679.82,45982391
2021-06-25,689.58,693.81,668.7,671.87,671.87,32496711
2021-06-28,671.64,694.6999,670.32,688.72,688.72,21628160
2021-06-29,684.65,687.5099,675.89,680.76,680.76,17381311
2021-06-30,679.77,692.81,678.14,679.7,679.7,18924859
2021-07-01,683.92,687.99,672.8,677.92,677.92,18634520
2021-07-02,678.98,700,673.26,678.9,678.9,27097369
2021-07-06,681.7115,684,651.4002,659.58,659.58,23284449
2021-07-07,664.27,665.7,638.32,644.65,644.65,18791961
2021-07-08,628.37,654.43,620.46,652.81,652.81,22773320
2021-07-09,653.185,658.91,644.69,656.95,656.95,18140551
2021-07-12,662.2,687.24,662.161,685.7,685.7,25927039
2021-07-13,686.32,693.28,666.2958,668.54,668.54,20966090
2021-07-14,670.75,678.6099,652.84,653.38,653.38,21641189
2021-07-15,658.39,666.14,637.88,650.6,650.6,20209570
2021-07-16,654.68,656.6999,642.2,644.22,644.22,16370970
2021-07-19,629.89,647.2,621.29,646.22,646.22,21297100
2021-07-20,651.99,662.39,640.5,660.5,660.5,15442700
2021-07-21,659.61,664.86,650.29,655.29,655.29,13953300
2021-07-22,656.44,662.17,644.6,649.26,649.26,15105700
2021-07-23,646.36,648.8,637.3,643.38,643.38,14581300
2021-07-26,650.97,668.2,647.11,657.62,657.62,25336600
2021-07-27,663.4,666.5,627.24,644.78,644.78,32813300
2021-07-28,647,654.97,639.4,646.98,646.98,16006600
2021-07-29,649.79,683.69,648.8,677.35,677.35,30394600
2021-07-30,671.76,697.53,669,687.2,687.2,29600500
2021-08-02,700,726.94,698.4,709.67,709.67,33615800
2021-08-03,719,722.65,701.01,709.74,709.74,21620300
2021-08-04,711,724.9,708.93,710.92,710.92,17002600
2021-08-05,716,720.95,711.41,714.63,714.63,12919600
2021-08-06,711.9,716.33,697.63,699.1,699.1,15576200
2021-08-09,710.17,719.03,705.13,713.76,713.76,14715300
2021-08-10,713.99,716.59,701.88,709.99,709.99,13432300
2021-08-11,712.71,715.18,704.21,707.82,707.82,9800600
2021-08-12,706.34,722.8,699.4,722.25,722.25,17459100
2021-08-13,723.71,729.9,714.34,717.17,717.17,16698900
2021-08-16,705.07,709.5,676.4,686.17,686.17,22677400
2021-08-17,672.66,674.58,648.84,665.71,665.71,23721300
2021-08-18,669.75,695.77,669.35,688.99,688.99,20349400
2021-08-19,678.21,686.55,667.59,673.47,673.47,14313500
2021-08-20,682.85,692.13,673.7,680.26,680.26,14781800
2021-08-23,685.44,712.13,680.75,706.3,706.3,20264900
2021-08-24,710.68,715.22,702.64,708.49,708.49,13083100
2021-08-25,707.03,716.97,704,711.2,711.2,12645600
2021-08-26,708.31,715.4,697.62,701.16,701.16,13214300
2021-08-27,705,715,702.1,711.92,711.92,13762100
2021-08-30,714.72,731,712.73,730.91,730.91,18604200
2021-08-31,733,740.39,726.44,735.72,735.72,20855400
2021-09-01,734.08,741.99,731.27,734.09,734.09,13204300
2021-09-02,734.5,740.97,730.54,732.39,732.39,12777300
2021-09-03,732.25,734,724.2,733.57,733.57,15246100
13485